Space group number,A,B,C,Alpha_90,Alpha,Beta_90,Beta,Gamma_90,Gamma,Z value,Molecular weight_category,S_L_category,M_L_category,S_M_category,S_category,Globularity_category,FrTPSA_category,Dipole moment_category,Calculated volume,Calculated density
19,6.48,11.18,17.49,True,90.0,True,90.0,True,90.0,4,2,5,4,6,6,4,3,3,1267.09,1.321
4,11.64,8.93,11.86,True,90.0,False,91.55,True,90.0,4,2,5,3,6,5,5,2,3,1232.34,1.359
19,6.3,12.38,16.03,True,90.0,True,90.0,True,90.0,4,2,5,4,5,4,6,2,3,1250.24,1.339
14,9.74,14.17,8.96,True,90.0,False,95.54,True,90.0,4,2,5,4,5,5,4,2,3,1230.85,1.36
14,6.69,9.77,19.86,True,90.0,False,100.13,True,90.0,4,2,5,3,6,6,3,3,3,1277.84,1.31
14,8.7,8.78,16.68,True,90.0,False,99.61,True,90.0,4,2,5,4,5,6,3,3,3,1256.24,1.333
4,9.25,7.17,9.85,True,90.0,False,105.51,True,90.0,2,2,5,4,5,5,4,2,3,629.49,1.33
19,4.73,9.87,27.56,True,90.0,True,90.0,True,90.0,4,2,5,4,5,6,3,3,3,1286.64,1.301
2,5.66,7.33,15.88,False,80.25,False,75.67,False,80.51,2,2,5,4,5,6,5,2,3,623.87,1.342
4,8.3,12.66,12.3,True,90.0,False,99.4,True,90.0,4,2,5,3,6,5,4,4,3,1275.1,1.313
14,8.65,12.06,12.08,True,90.0,False,97.82,True,90.0,4,2,5,3,6,5,6,4,3,1248.45,1.341
19,8.74,11.09,13.18,True,90.0,True,90.0,True,90.0,4,2,5,4,5,6,6,4,3,1277.49,1.311
14,9.65,7.47,17.34,True,90.0,False,89.99,True,90.0,4,2,5,4,5,5,3,2,3,1249.96,1.34
5,6.27,11.38,17.18,True,90.0,False,90.24,True,90.0,4,2,5,3,5,5,4,3,3,1225.83,1.366
14,10.75,6.93,17.0,True,90.0,False,105.29,True,90.0,4,2,5,3,6,5,4,3,3,1221.63,1.371
14,10.09,9.01,28.71,True,90.0,False,96.24,True,90.0,8,2,5,4,5,6,4,1,3,2594.59,1.291
2,5.98,8.54,12.27,False,87.61,False,97.49,False,80.68,2,2,5,3,6,8,5,2,3,611.81,1.368
4,9.63,9.03,15.02,True,90.0,False,100.91,True,90.0,4,2,5,4,5,6,4,3,3,1282.52,1.306
14,8.66,9.88,15.13,True,90.0,False,105.21,True,90.0,4,2,5,4,5,5,5,3,3,1249.19,1.34
14,9.58,8.13,15.67,True,90.0,False,95.51,True,90.0,4,2,5,3,5,5,3,3,3,1214.83,1.378
4,7.88,5.43,14.97,True,90.0,False,95.8,True,90.0,2,2,5,4,5,8,3,2,3,637.26,1.314
14,6.43,11.88,16.95,True,90.0,False,89.3,True,90.0,4,2,5,4,5,6,3,2,3,1294.69,1.293
9,6.89,16.45,10.89,True,90.0,False,90.7,True,90.0,4,2,5,4,6,5,5,2,3,1234.19,1.357
2,5.29,16.12,15.59,False,87.74,False,78.33,False,88.39,4,2,5,4,5,6,6,2,3,1300.67,1.287
5,11.45,5.52,20.58,True,90.0,False,111.25,True,90.0,4,2,5,3,5,5,4,1,3,1212.3,1.381
4,10.2,5.84,10.71,True,90.0,False,99.75,True,90.0,2,2,5,3,6,7,3,2,3,628.76,1.332
4,8.4,6.31,13.1,True,90.0,False,111.81,True,90.0,2,2,5,4,5,8,3,2,3,644.65,1.299
2,7.05,7.58,12.18,False,80.91,False,84.92,False,79.99,2,2,5,4,5,5,4,2,3,631.68,1.325
14,6.45,16.19,12.33,True,90.0,False,100.34,True,90.0,4,2,5,4,5,4,6,3,3,1266.66,1.322
19,6.92,7.91,22.17,True,90.0,True,90.0,True,90.0,4,2,5,4,5,5,6,4,3,1213.52,1.38
19,7.98,18.21,8.41,True,90.0,True,90.0,True,90.0,4,2,5,3,6,4,5,4,3,1222.11,1.37
2,9.94,8.56,7.91,False,99.94,False,99.0,False,108.53,2,2,5,4,6,3,5,3,3,612.26,1.367
14,14.02,5.7,16.17,True,90.0,False,94.11,True,90.0,4,2,5,4,5,7,3,2,3,1288.89,1.299
33,10.88,5.45,21.21,True,90.0,True,90.0,True,90.0,4,2,5,4,5,5,4,2,3,1257.67,1.331
33,15.6,8.67,18.55,True,90.0,True,90.0,True,90.0,8,2,5,4,6,6,5,2,3,2508.92,1.335
61,7.82,14.01,23.2,True,90.0,True,90.0,True,90.0,8,2,5,2,6,6,6,2,3,2541.75,1.318
33,7.97,12.56,24.66,True,90.0,True,90.0,True,90.0,8,2,5,4,6,6,5,2,3,2468.54,1.357
9,7.99,11.34,14.27,True,90.0,False,100.5,True,90.0,4,2,5,4,6,6,3,4,3,1271.31,1.317
14,11.39,13.32,9.15,True,90.0,False,112.32,True,90.0,4,2,5,4,6,5,3,1,3,1284.18,1.304
19,5.04,13.35,18.64,True,90.0,True,90.0,True,90.0,4,2,5,3,6,5,4,4,3,1254.17,1.335
2,7.35,8.09,12.01,False,111.58,False,97.5,False,96.23,2,2,5,4,5,5,5,2,3,648.84,1.29
2,7.49,8.23,11.24,False,76.02,False,70.71,False,71.36,2,2,5,4,5,5,6,2,3,612.46,1.367
14,9.04,11.75,12.55,True,90.0,False,106.5,True,90.0,4,2,5,3,6,5,4,3,3,1278.17,1.31
4,6.97,8.94,20.1,True,90.0,False,91.6,True,90.0,4,2,5,3,6,5,3,2,3,1251.98,1.337
14,18.31,6.65,10.39,True,90.0,False,100.53,True,90.0,4,2,5,4,6,5,5,2,3,1243.8,1.346
61,13.68,8.7,21.33,True,90.0,True,90.0,True,90.0,8,2,5,3,6,5,4,3,3,2538.61,1.319
19,8.15,12.11,12.65,True,90.0,True,90.0,True,90.0,4,2,5,3,6,6,3,2,3,1248.51,1.341
2,6.77,8.7,12.48,False,69.99,False,74.55,False,70.2,2,2,5,4,5,6,3,2,3,640.37,1.307
2,8.65,10.6,16.78,False,75.48,False,69.41,False,65.09,4,2,5,2,6,4,4,3,3,1296.72,1.291
19,5.23,15.55,15.2,True,90.0,True,90.0,True,90.0,4,2,5,4,6,5,5,3,3,1236.16,1.355
5,14.95,6.35,12.8,True,90.0,False,92.69,True,90.0,4,2,5,4,5,5,4,2,3,1213.8,1.379
1,6.36,9.35,10.55,False,100.5,False,91.37,False,96.73,2,2,5,4,5,6,3,5,3,611.95,1.368
2,7.04,12.49,15.11,False,101.44,False,91.65,False,90.13,4,2,5,4,5,5,4,4,3,1301.64,1.286
14,11.8,5.71,19.29,True,90.0,False,110.07,True,90.0,4,2,5,4,5,6,4,2,3,1220.79,1.372
2,10.25,10.76,12.38,False,101.88,False,109.84,False,93.38,4,2,5,4,6,5,3,2,3,1244.47,1.345
19,10.47,8.35,14.31,True,90.0,True,90.0,True,90.0,4,2,5,4,4,5,5,5,3,1251.04,1.338
19,5.47,10.24,21.6,True,90.0,True,90.0,True,90.0,4,2,5,3,6,6,3,2,3,1209.88,1.384
2,9.61,11.36,6.48,False,101.27,False,102.98,False,108.51,2,2,5,4,5,5,3,2,3,625.85,1.338
14,9.34,8.91,15.69,True,90.0,False,110.47,True,90.0,4,2,5,3,5,5,5,3,3,1223.26,1.369
4,7.89,6.12,13.3,True,90.0,False,103.39,True,90.0,2,2,5,3,6,7,6,1,3,624.76,1.34
14,10.24,13.39,10.09,True,90.0,False,111.71,True,90.0,4,2,5,3,6,6,4,2,3,1285.34,1.303
14,8.4,10.55,13.87,True,90.0,False,96.06,True,90.0,4,2,5,4,6,5,5,3,3,1222.29,1.37
2,5.16,12.92,19.66,False,86.29,False,81.07,False,80.17,4,2,5,4,5,6,4,3,3,1274.8,1.313
19,7.38,10.91,16.13,True,90.0,True,90.0,True,90.0,4,2,5,4,5,6,3,2,3,1298.72,1.289
2,7.46,7.49,11.86,False,82.05,False,71.57,False,76.7,2,2,5,4,5,5,4,3,3,610.29,1.372
2,10.94,15.46,7.83,False,77.49,False,85.57,False,70.42,4,2,5,4,5,6,3,1,3,1218.09,1.375
2,9.41,8.79,15.91,False,87.17,False,84.46,False,69.99,4,2,5,4,6,6,4,2,3,1230.57,1.361
4,6.58,7.15,12.97,True,90.0,False,91.61,True,90.0,2,2,5,4,5,5,4,3,3,609.96,1.373
2,7.35,9.53,9.41,False,101.65,False,99.36,False,101.77,2,2,5,3,6,5,4,2,3,617.53,1.356
14,12.4,8.34,12.1,True,90.0,False,100.03,True,90.0,4,2,5,4,5,5,4,3,3,1232.21,1.359
19,6.73,19.06,9.83,True,90.0,True,90.0,True,90.0,4,2,5,4,6,5,3,2,3,1260.93,1.328
61,9.72,17.37,15.06,True,90.0,True,90.0,True,90.0,8,2,5,3,6,6,6,2,3,2542.68,1.317
19,5.99,8.6,23.67,True,90.0,True,90.0,True,90.0,4,2,5,4,6,6,3,2,3,1219.34,1.373
33,6.64,12.14,15.48,True,90.0,True,90.0,True,90.0,4,2,5,3,5,5,3,4,3,1247.84,1.342
2,9.51,11.43,12.58,False,73.38,False,72.12,False,80.08,4,2,5,3,6,5,4,4,3,1241.66,1.349
4,9.13,8.2,16.56,True,90.0,False,97.3,True,90.0,4,2,5,4,5,5,4,4,3,1229.73,1.362
4,7.78,10.78,15.22,True,90.0,False,104.83,True,90.0,4,2,5,3,6,6,4,4,3,1233.96,1.357
14,7.71,8.04,19.86,True,90.0,False,97.76,True,90.0,4,2,5,3,6,5,4,2,3,1219.82,1.373
61,12.58,7.04,29.1,True,90.0,True,90.0,True,90.0,8,2,5,4,5,5,4,2,3,2577.19,1.299
4,12.02,7.38,7.04,True,90.0,False,77.07,True,90.0,2,2,5,4,5,5,6,2,3,608.67,1.375
14,7.4,9.99,16.99,True,90.0,False,96.99,True,90.0,4,2,5,4,5,6,6,2,3,1246.67,1.343
19,11.29,12.05,18.56,True,90.0,True,90.0,True,90.0,8,2,5,2,6,6,3,2,3,2524.99,1.326
2,9.73,8.1,16.86,False,99.35,False,96.99,False,94.72,4,2,5,4,6,5,4,3,3,1294.3,1.294
14,4.54,8.8,15.58,True,90.0,False,83.09,True,90.0,2,2,5,4,4,4,6,4,3,617.93,1.355
14,5.98,9.77,20.99,True,90.0,False,93.14,True,90.0,4,2,5,4,6,5,6,3,3,1224.49,1.367
14,8.31,13.86,11.34,True,90.0,False,98.74,True,90.0,4,2,5,4,5,5,5,5,3,1290.94,1.297
15,14.07,10.54,17.69,True,90.0,False,100.66,True,90.0,8,2,5,3,6,6,3,2,3,2578.11,1.299
4,6.6,7.19,13.26,True,90.0,False,103.56,True,90.0,2,2,5,4,6,6,5,4,3,611.7,1.369
19,4.72,12.4,20.8,True,90.0,True,90.0,True,90.0,4,2,5,4,6,5,4,2,3,1217.38,1.375
14,7.46,8.83,18.88,True,90.0,False,91.52,True,90.0,4,2,5,4,5,5,4,5,3,1243.22,1.347
2,7.69,10.59,15.47,False,100.43,False,95.76,False,93.55,4,2,5,3,6,6,5,2,3,1228.62,1.363
14,5.8,7.73,14.35,True,90.0,False,95.6,True,90.0,2,2,5,4,6,6,4,3,3,640.3,1.308
29,8.86,11.37,12.81,True,90.0,True,90.0,True,90.0,4,2,5,3,6,6,4,2,3,1290.46,1.298
2,9.83,11.44,11.86,False,93.14,False,106.67,False,92.09,4,2,5,4,5,6,4,3,3,1273.85,1.314
1,11.54,11.41,18.91,False,87.45,False,82.34,False,87.05,8,2,5,3,5,6,4,2,3,2462.64,1.36
14,7.84,17.72,9.54,True,90.0,False,113.31,True,90.0,4,2,5,3,6,4,4,3,3,1217.16,1.376
4,10.37,10.74,11.37,True,90.0,False,101.87,True,90.0,4,2,5,3,6,9,5,2,3,1239.24,1.351
33,13.06,6.77,14.41,True,90.0,True,90.0,True,90.0,4,2,5,3,5,6,4,3,3,1274.08,1.314
15,17.02,7.9,19.54,True,90.0,False,97.85,True,90.0,8,2,5,3,5,6,5,2,3,2602.69,1.287
19,9.6,16.37,8.04,True,90.0,True,90.0,True,90.0,4,2,5,3,5,6,5,3,3,1263.5,1.325
4,11.21,7.61,15.04,True,90.0,False,99.29,True,90.0,4,2,5,3,6,6,4,3,3,1266.21,1.322
61,7.82,12.19,25.46,True,90.0,True,90.0,True,90.0,8,2,5,4,5,4,4,3,3,2426.99,1.38
14,7.53,7.9,21.89,True,90.0,False,89.97,True,90.0,4,2,5,4,6,6,4,4,3,1302.17,1.286
4,10.58,7.47,7.9,True,90.0,False,103.9,True,90.0,2,2,5,4,5,5,4,3,3,606.07,1.381
2,5.96,8.74,12.24,False,99.39,False,95.34,False,102.93,2,2,5,3,6,6,5,2,3,607.5,1.378
19,11.3,17.48,12.65,True,90.0,True,90.0,True,90.0,8,2,5,4,6,5,4,2,3,2498.68,1.34
9,6.9,21.97,8.58,True,90.0,False,97.94,True,90.0,4,2,5,3,6,4,5,4,3,1288.2,1.3
2,8.13,7.72,10.69,False,98.9,False,111.0,False,90.02,2,2,5,4,5,8,3,2,3,617.7,1.355
2,10.7,12.61,9.32,False,86.13,False,100.03,False,81.04,4,2,5,4,6,5,3,3,3,1217.39,1.375
19,4.71,9.07,29.61,True,90.0,True,90.0,True,90.0,4,2,5,4,5,6,4,5,3,1264.93,1.324
15,20.91,7.56,17.04,True,90.0,False,104.77,True,90.0,8,2,5,3,6,6,5,3,3,2604.67,1.286
2,6.03,13.04,15.86,False,89.34,False,79.74,False,87.7,4,2,5,4,5,5,3,3,3,1226.15,1.366
33,21.56,9.02,6.35,True,90.0,True,90.0,True,90.0,4,2,5,3,6,5,4,3,3,1234.89,1.356
14,9.19,5.28,25.3,True,90.0,False,91.3,True,90.0,4,2,5,4,5,6,3,3,3,1227.32,1.364
2,9.13,10.21,14.6,False,92.3,False,71.51,False,85.13,4,2,5,4,5,5,6,2,3,1282.82,1.305
4,11.51,6.58,16.04,True,90.0,False,91.24,True,90.0,4,2,5,3,6,6,4,4,3,1214.52,1.379
9,7.19,20.37,4.3,True,90.0,False,102.71,True,90.0,2,2,5,3,6,5,6,5,3,614.35,1.363
2,5.62,7.41,15.29,False,87.01,False,105.58,False,85.5,2,2,5,4,5,4,4,4,3,609.67,1.373
5,13.19,8.33,11.47,True,90.0,False,99.76,False,90.0,4,2,5,4,6,6,5,2,3,1242.0,1.348
2,8.94,6.45,12.08,False,92.34,False,111.55,False,92.76,2,2,5,4,6,5,5,5,3,645.84,1.296
2,7.36,9.76,18.51,False,100.95,False,83.07,False,94.05,4,2,5,3,6,7,4,4,3,1294.34,1.294
14,6.02,7.75,26.79,True,90.0,False,94.34,True,90.0,4,2,5,3,6,6,6,4,3,1246.3,1.344
14,14.87,7.67,11.48,True,90.0,False,102.45,True,90.0,4,2,5,4,5,5,3,2,3,1278.54,1.31
19,12.47,8.53,23.96,True,90.0,True,90.0,True,90.0,8,2,5,4,6,6,4,4,3,2548.6,1.314
19,10.21,10.93,11.32,True,90.0,True,90.0,True,90.0,4,2,5,3,6,6,4,3,3,1263.26,1.325
14,11.87,7.76,13.53,True,90.0,False,98.77,True,90.0,4,2,5,3,6,6,6,3,3,1231.69,1.359
14,10.05,8.89,14.48,True,90.0,False,110.52,True,90.0,4,2,5,3,6,6,3,3,3,1211.62,1.382
61,7.63,16.97,18.89,True,90.0,True,90.0,True,90.0,8,2,5,3,6,4,4,2,3,2445.9,1.369
15,13.31,8.37,21.82,True,90.0,False,94.25,True,90.0,8,2,5,3,6,5,5,3,3,2424.17,1.381
33,12.61,8.61,22.66,True,90.0,True,90.0,True,90.0,8,2,5,3,6,5,4,2,3,2460.24,1.361
4,13.55,8.63,11.33,True,90.0,False,107.15,True,90.0,4,2,5,4,5,5,4,3,3,1265.98,1.323
2,9.64,7.11,10.39,False,72.03,False,78.72,False,64.89,2,2,5,4,5,6,3,3,3,611.65,1.369
2,7.37,7.85,21.33,False,86.6,False,80.11,False,86.74,4,2,5,4,5,4,4,2,3,1212.19,1.381
19,7.09,12.55,13.65,True,90.0,True,90.0,True,90.0,4,2,5,3,5,5,5,2,3,1214.57,1.379
4,5.82,8.33,13.24,True,90.0,False,90.95,True,90.0,2,2,5,4,5,5,4,3,3,641.79,1.304
2,8.35,10.72,14.42,False,86.71,False,102.95,False,93.41,4,2,5,3,6,6,3,4,3,1254.42,1.335
14,7.43,8.55,20.65,True,90.0,False,104.12,True,90.0,4,2,5,4,6,6,3,2,3,1272.19,1.316
4,10.64,6.47,10.01,True,90.0,False,116.59,True,90.0,2,2,5,4,6,6,4,3,3,616.21,1.359
2,10.2,11.85,11.55,False,93.16,False,72.6,False,106.21,4,2,5,4,5,4,6,2,3,1278.59,1.31
2,8.43,6.45,12.81,False,101.5,False,101.73,False,101.8,2,2,5,4,5,5,4,2,3,646.13,1.296
15,13.34,11.49,16.41,True,90.0,False,97.56,True,90.0,8,2,5,4,5,4,5,3,3,2493.41,1.343
14,8.2,8.54,18.17,True,90.0,False,103.99,True,90.0,4,2,5,3,6,6,4,2,3,1234.67,1.356
29,5.92,12.88,16.59,True,90.0,True,90.0,True,90.0,4,2,5,2,6,6,4,2,3,1264.98,1.324
4,5.94,7.33,14.96,True,90.0,False,99.94,True,90.0,2,2,5,3,6,6,3,2,3,641.58,1.305
14,8.09,17.49,9.01,True,90.0,False,100.88,True,90.0,4,2,5,4,6,4,5,4,3,1251.95,1.337
14,7.81,13.19,12.54,True,90.0,False,100.75,True,90.0,4,2,5,4,6,5,5,3,3,1269.12,1.319
14,16.93,7.71,10.04,True,90.0,False,97.14,True,90.0,4,2,5,4,5,6,5,3,3,1300.36,1.288
2,5.31,6.96,16.79,False,88.0,False,86.3,False,80.37,2,2,5,3,5,5,4,3,3,610.32,1.372
61,14.19,13.28,13.42,True,90.0,True,90.0,True,90.0,8,2,5,3,5,6,5,3,3,2528.91,1.324
5,12.52,5.58,18.29,True,90.0,False,104.11,True,90.0,4,2,5,3,6,7,4,2,3,1239.22,1.351
19,4.87,11.31,22.83,True,90.0,True,90.0,True,90.0,4,2,5,4,6,7,4,3,3,1257.47,1.332
2,9.77,7.73,8.99,False,80.02,False,74.88,False,79.81,2,2,5,4,6,5,4,5,3,639.3,1.31
2,6.39,8.8,11.4,False,94.22,False,92.18,False,100.94,2,2,5,4,6,6,5,5,3,626.8,1.336
14,12.54,10.29,9.69,True,90.0,False,100.17,True,90.0,4,2,5,3,6,6,4,2,3,1230.72,1.361
14,11.79,8.06,13.57,True,90.0,False,105.25,True,90.0,4,2,5,4,6,5,5,3,3,1244.11,1.346
14,5.27,7.84,29.49,True,90.0,False,91.26,True,90.0,4,2,5,4,6,6,6,2,3,1218.14,1.375
2,8.26,7.45,10.93,False,80.18,False,90.83,False,70.56,2,2,5,4,6,6,5,4,3,623.12,1.344
2,8.96,9.04,16.7,False,100.49,False,98.01,False,101.95,4,2,5,4,5,6,5,4,3,1279.01,1.309
14,6.88,9.98,9.06,True,90.0,False,90.37,True,90.0,2,2,5,3,6,5,5,2,3,622.07,1.346
4,8.54,11.1,13.03,True,90.0,False,91.18,True,90.0,4,2,5,4,5,5,5,2,3,1234.9,1.356
2,6.81,7.8,12.83,False,72.39,False,102.42,False,101.54,2,2,5,3,6,6,6,3,3,627.66,1.334
14,12.91,4.68,21.22,True,90.0,False,92.02,True,90.0,4,2,5,3,6,6,5,2,3,1281.29,1.307
2,7.68,12.83,13.23,False,80.5,False,84.59,False,80.89,4,2,5,3,6,4,5,2,3,1266.4,1.322
19,7.15,7.35,23.47,True,90.0,True,90.0,True,90.0,4,2,5,3,6,6,4,1,3,1233.41,1.358
61,10.03,11.59,21.02,True,90.0,True,90.0,True,90.0,8,2,5,4,6,6,5,2,3,2443.53,1.37
2,8.56,8.99,9.23,False,86.97,False,113.93,False,82.38,2,2,5,3,6,7,3,2,3,639.03,1.31
14,5.76,10.78,19.97,True,90.0,False,90.3,True,90.0,4,2,5,4,5,5,6,2,3,1239.98,1.35
14,6.05,7.99,25.17,True,90.0,False,90.42,True,90.0,4,2,5,3,6,7,5,3,3,1216.67,1.376
5,7.57,8.41,20.2,True,90.0,False,95.84,True,90.0,4,2,5,4,5,4,5,2,3,1279.33,1.309
2,8.93,8.7,8.8,False,101.35,False,95.41,False,107.36,2,2,5,4,5,5,3,2,3,631.17,1.326
4,7.05,4.77,18.29,True,90.0,False,92.8,True,90.0,2,2,5,3,6,5,5,3,3,614.33,1.363
33,9.79,11.43,22.21,True,90.0,True,90.0,True,90.0,8,2,5,4,6,6,5,3,3,2485.29,1.347
2,8.54,13.31,11.94,False,86.64,False,110.88,False,88.12,4,2,5,3,5,5,4,2,3,1263.78,1.325
2,8.13,7.76,10.78,False,85.01,False,82.48,False,70.41,2,2,5,3,5,5,4,2,3,634.54,1.319
1,7.81,8.07,10.53,False,86.19,False,83.71,False,81.21,2,2,5,3,6,6,3,4,3,651.09,1.286
33,8.05,14.34,10.94,True,90.0,True,90.0,True,90.0,4,2,5,4,5,5,3,2,3,1262.88,1.326
33,6.49,17.61,10.76,True,90.0,True,90.0,True,90.0,4,2,5,3,6,4,6,3,3,1229.75,1.362
2,6.35,11.92,16.82,False,87.04,False,93.75,False,94.43,4,2,5,3,6,5,5,4,3,1265.23,1.323
14,7.85,7.34,22.17,True,90.0,False,99.96,True,90.0,4,2,5,4,5,5,4,2,3,1258.16,1.331
2,8.37,10.6,14.68,False,100.01,False,99.47,False,87.63,4,2,5,4,5,5,4,3,3,1265.02,1.324
4,8.58,8.19,9.19,True,90.0,False,97.08,True,90.0,2,2,5,4,6,5,4,2,3,640.86,1.306
2,4.82,12.07,11.52,False,69.61,False,79.8,False,82.13,2,2,5,4,5,5,6,2,3,616.22,1.359
2,7.78,7.44,11.07,False,101.09,False,95.96,False,88.19,2,2,5,4,5,5,3,2,3,625.36,1.339
33,7.89,10.36,15.82,True,90.0,True,90.0,True,90.0,4,2,5,4,6,4,5,4,3,1293.13,1.295
2,6.3,6.94,14.61,False,76.54,False,92.27,False,78.15,2,2,5,3,6,6,3,2,3,605.42,1.383
9,10.62,7.49,15.5,True,90.0,False,99.13,True,90.0,4,2,5,3,6,5,4,1,3,1217.31,1.376
1,8.57,10.29,7.63,False,101.55,False,96.17,False,100.02,2,2,5,4,6,6,3,2,3,642.07,1.304
4,8.86,11.23,13.76,True,90.0,False,116.1,True,90.0,4,2,5,4,5,5,4,3,3,1229.48,1.362
4,8.95,8.97,8.3,True,90.0,False,110.78,True,90.0,2,2,5,4,5,5,4,2,3,622.99,1.344
14,7.32,14.4,12.92,True,90.0,False,107.83,True,90.0,4,2,5,4,6,6,6,3,3,1296.46,1.292
19,6.19,15.03,13.18,True,90.0,True,90.0,True,90.0,4,2,5,4,5,5,3,2,3,1226.21,1.366
19,5.55,14.18,16.05,True,90.0,True,90.0,True,90.0,4,2,5,4,5,5,3,2,3,1263.12,1.326
29,10.28,13.92,8.54,True,90.0,True,90.0,True,90.0,4,2,5,4,5,6,4,2,3,1222.05,1.37
9,9.47,11.24,12.31,True,90.0,False,107.08,True,90.0,4,2,5,3,5,5,3,2,3,1252.52,1.337
61,8.71,12.02,24.07,True,90.0,True,90.0,True,90.0,8,2,5,4,4,6,3,2,3,2519.99,1.329
2,6.15,7.01,15.27,False,112.18,False,86.49,False,95.83,2,2,5,2,6,5,5,3,3,606.26,1.381
9,13.92,10.65,9.01,True,90.0,False,103.77,True,90.0,4,2,5,3,6,6,5,2,3,1297.32,1.291
4,7.52,9.01,9.31,True,90.0,False,102.48,True,90.0,2,2,5,4,5,6,4,4,3,615.9,1.359
33,10.15,8.61,29.0,True,90.0,True,90.0,True,90.0,8,2,5,4,6,6,4,1,3,2534.35,1.321
2,4.79,9.59,14.68,False,100.38,False,96.08,False,102.45,2,2,5,4,5,5,4,3,3,640.31,1.308
19,5.95,8.38,24.76,True,90.0,True,90.0,True,90.0,4,2,5,4,4,5,5,3,3,1234.56,1.356
19,5.53,11.14,19.86,True,90.0,True,90.0,True,90.0,4,2,5,3,6,5,5,4,3,1223.46,1.369
61,7.15,13.18,27.33,True,90.0,True,90.0,True,90.0,8,2,5,4,6,5,4,2,3,2575.5,1.3
2,6.62,9.14,10.31,False,93.62,False,100.38,False,91.79,2,2,5,4,6,5,6,5,3,611.81,1.368
2,8.02,12.97,13.17,False,68.98,False,80.6,False,80.17,4,2,5,4,5,5,5,2,3,1252.21,1.337
19,7.71,8.59,19.41,True,90.0,True,90.0,True,90.0,4,2,5,3,6,5,5,3,3,1285.5,1.303
14,5.48,12.02,19.98,True,90.0,False,100.97,True,90.0,4,2,5,4,5,6,4,5,3,1292.03,1.296
14,9.01,13.07,10.7,True,90.0,False,104.19,True,90.0,4,2,5,3,6,5,4,2,3,1221.59,1.371
2,7.71,7.8,11.04,False,101.06,False,95.87,False,100.94,2,2,5,4,6,5,3,2,3,633.09,1.322
9,10.94,10.67,11.94,True,90.0,False,111.23,True,90.0,4,2,5,4,5,5,4,1,3,1299.17,1.289
2,5.5,7.18,16.12,False,86.43,False,78.38,False,87.8,2,2,5,3,6,6,5,2,3,622.1,1.346
14,14.18,7.75,22.58,True,90.0,False,98.62,True,90.0,8,2,5,4,5,6,3,2,3,2453.4,1.365
4,9.27,5.28,12.8,True,90.0,False,98.24,True,90.0,2,2,5,2,5,6,4,3,3,620.04,1.35
14,9.55,9.73,13.95,True,90.0,False,99.68,True,90.0,4,2,5,3,6,7,3,2,3,1277.8,1.31
2,9.41,12.74,21.09,False,88.68,False,103.24,False,99.38,8,2,5,4,5,5,5,2,3,2427.96,1.379
2,6.12,7.2,15.19,False,74.83,False,82.08,False,80.75,2,2,5,3,6,6,4,3,3,634.38,1.32
14,11.75,6.35,16.8,True,90.0,False,96.42,True,90.0,4,2,5,3,6,5,5,4,3,1245.63,1.344
14,11.55,5.89,18.47,True,90.0,False,95.26,True,90.0,4,2,5,4,4,5,4,2,3,1251.21,1.338
9,10.91,8.28,13.76,True,90.0,False,92.62,True,90.0,4,2,5,4,5,4,4,4,3,1241.71,1.348
33,7.13,6.42,27.24,True,90.0,True,90.0,True,90.0,4,2,5,4,5,7,3,2,3,1246.9,1.343
14,7.52,6.28,13.73,True,90.0,False,97.12,True,90.0,2,2,5,4,6,6,5,2,3,643.41,1.301
2,7.02,7.15,13.14,False,101.45,False,96.98,False,81.65,2,2,5,4,5,5,4,2,3,636.63,1.315
29,9.6,7.49,17.36,True,90.0,True,90.0,True,90.0,4,2,5,3,6,5,4,4,3,1248.25,1.341
4,7.66,4.47,18.69,True,90.0,False,105.9,True,90.0,2,2,5,3,5,10,4,3,3,615.47,1.36
14,11.22,5.41,22.16,True,90.0,False,107.83,True,90.0,4,2,5,2,6,5,4,3,3,1280.51,1.308
4,11.41,14.14,8.68,True,90.0,False,114.16,True,90.0,4,2,5,4,5,5,4,1,3,1277.74,1.31
14,11.04,5.93,20.65,True,90.0,False,112.34,True,90.0,4,2,5,4,6,5,4,3,3,1250.43,1.339
2,6.92,7.3,13.84,False,104.48,False,105.05,False,99.5,2,2,5,4,6,5,5,4,3,633.63,1.321
2,8.74,10.11,8.07,False,71.98,False,78.31,False,71.42,2,2,5,3,6,7,4,2,3,638.46,1.311
2,5.88,6.86,16.21,False,88.17,False,95.88,False,78.92,2,2,5,3,6,6,5,3,3,637.4,1.313
14,6.71,17.46,10.89,True,90.0,False,99.16,True,90.0,4,2,5,4,6,8,6,2,3,1259.57,1.329
14,5.46,9.78,23.35,True,90.0,False,93.3,True,90.0,4,2,5,3,5,5,3,3,3,1244.79,1.345
19,7.55,12.38,27.45,True,90.0,True,90.0,True,90.0,8,2,5,3,6,6,4,1,3,2565.72,1.305
2,6.29,9.28,11.19,False,101.59,False,96.78,False,102.59,2,2,5,4,6,6,4,3,3,615.46,1.36
4,8.23,7.19,10.54,True,90.0,False,96.42,True,90.0,2,2,5,4,6,4,4,2,3,619.78,1.351
2,6.27,10.85,10.54,False,85.68,False,72.18,False,71.58,2,2,5,4,6,6,5,2,3,647.47,1.293
61,12.22,11.16,17.75,True,90.0,True,90.0,True,90.0,8,2,5,4,6,5,4,3,3,2420.66,1.383
19,7.14,5.66,29.97,True,90.0,True,90.0,True,90.0,4,2,5,4,5,6,5,2,3,1211.16,1.382
14,18.51,10.0,6.98,True,90.0,False,105.67,True,90.0,4,2,5,4,5,5,5,4,3,1243.98,1.346
29,9.37,9.03,29.04,True,90.0,True,90.0,True,90.0,8,2,5,4,5,4,4,2,3,2457.11,1.363
61,9.47,11.34,12.02,True,90.0,True,90.0,True,90.0,4,2,5,3,5,5,3,2,3,1290.83,1.297
2,5.32,8.75,14.71,False,113.42,False,95.4,False,88.8,2,2,5,3,6,5,5,3,3,625.45,1.339
19,6.02,11.61,18.56,True,90.0,True,90.0,True,90.0,4,2,5,4,6,6,4,3,3,1297.2,1.291
14,14.42,8.46,10.13,True,90.0,False,90.37,True,90.0,4,2,5,3,5,5,4,2,3,1235.77,1.355
14,11.3,8.91,13.45,True,90.0,False,110.89,True,90.0,4,2,5,3,5,5,4,3,3,1265.17,1.323
2,6.92,9.9,9.59,False,88.02,False,70.62,False,80.43,2,2,5,4,6,5,4,2,3,610.99,1.37
14,8.49,10.66,13.75,True,90.0,False,102.14,True,90.0,4,2,5,4,6,6,4,2,3,1216.59,1.376
14,7.86,6.78,24.66,True,90.0,False,98.95,True,90.0,4,2,5,4,6,9,5,3,3,1298.15,1.29
4,9.79,5.6,12.07,True,90.0,False,108.46,True,90.0,2,2,5,4,6,6,4,3,3,627.68,1.334
19,9.8,13.24,9.81,True,90.0,True,90.0,True,90.0,4,2,5,3,6,6,4,2,3,1272.87,1.315
2,8.02,10.91,15.3,False,98.12,False,92.63,False,100.98,4,2,5,4,5,5,4,3,3,1297.39,1.291
2,9.28,7.6,10.82,False,71.09,False,69.9,False,64.44,2,2,5,4,4,4,4,2,3,632.43,1.324
19,6.53,13.84,13.72,True,90.0,True,90.0,True,90.0,4,2,5,4,4,4,4,2,3,1239.95,1.35
19,12.35,8.91,22.54,True,90.0,True,90.0,True,90.0,8,2,5,4,6,7,3,2,3,2480.27,1.35
19,5.56,8.16,28.38,True,90.0,True,90.0,True,90.0,4,2,5,3,5,6,4,3,3,1287.59,1.3
2,7.57,11.55,15.92,False,113.73,False,95.02,False,96.78,4,2,5,4,6,5,4,3,3,1251.31,1.338
2,9.38,5.37,13.14,False,99.86,False,94.07,False,108.54,2,2,5,4,5,7,4,2,3,612.65,1.367
2,9.71,7.57,9.53,False,102.76,False,102.29,False,107.26,2,2,5,4,6,6,5,3,3,622.61,1.345
2,7.28,9.81,17.45,False,99.79,False,93.36,False,91.22,4,2,5,4,6,7,4,4,3,1225.35,1.366
4,7.19,7.39,11.87,True,90.0,False,99.84,True,90.0,2,2,5,3,6,6,4,5,3,621.42,1.347
2,9.31,7.45,10.36,False,80.15,False,70.71,False,68.55,2,2,5,4,6,6,4,3,3,630.21,1.328
19,7.21,6.91,25.39,True,90.0,True,90.0,True,90.0,4,2,5,4,5,6,5,4,3,1264.96,1.324
9,12.83,17.32,5.63,True,90.0,False,100.8,True,90.0,4,2,5,4,5,6,3,2,3,1228.91,1.363
14,9.48,7.72,18.07,True,90.0,False,100.3,True,90.0,4,2,5,3,6,5,3,1,3,1301.15,1.287
61,12.55,8.73,22.23,True,90.0,True,90.0,True,90.0,8,2,5,4,5,5,5,2,3,2435.55,1.375
4,7.61,8.49,10.81,True,90.0,False,112.01,True,90.0,2,2,5,3,6,5,4,2,3,647.52,1.293
15,16.09,7.14,22.21,True,90.0,False,96.48,True,90.0,8,2,5,4,5,6,3,1,3,2535.24,1.321
1,9.22,11.5,6.67,False,68.92,False,77.72,False,79.9,2,2,5,4,5,5,3,5,3,640.99,1.306
14,21.03,7.53,16.55,True,90.0,False,100.53,True,90.0,8,2,5,4,6,5,4,2,3,2576.65,1.3
14,4.88,7.38,17.34,True,90.0,False,102.58,True,90.0,2,2,5,4,5,5,6,3,3,609.5,1.374
5,11.18,7.49,15.41,True,90.0,False,104.72,True,90.0,4,2,5,3,5,6,4,3,3,1248.05,1.342
15,12.38,12.58,8.19,True,90.0,False,92.78,True,90.0,4,2,5,3,6,5,5,4,3,1274.01,1.314
2,8.86,8.3,10.15,False,86.19,False,70.75,False,111.94,2,2,5,3,6,6,4,3,3,638.13,1.312
14,5.82,6.34,17.53,True,90.0,False,105.5,True,90.0,2,2,5,4,5,4,5,2,3,623.31,1.343
1,8.65,12.11,12.99,False,109.7,False,100.68,False,101.16,4,2,5,3,6,6,5,4,3,1209.73,1.384
2,7.24,12.35,15.43,False,87.85,False,73.17,False,69.6,4,2,5,4,5,6,5,2,3,1234.65,1.356
4,9.71,7.78,16.96,True,90.0,False,109.26,True,90.0,4,2,5,4,5,5,5,3,3,1209.51,1.384
14,12.57,9.13,10.75,True,90.0,False,90.64,True,90.0,4,2,5,4,5,5,4,2,3,1233.64,1.357
2,7.77,8.05,20.83,False,98.94,False,90.98,False,93.56,4,2,5,3,6,6,4,4,3,1284.1,1.304
14,11.76,10.14,10.96,True,90.0,False,95.46,True,90.0,4,2,5,3,6,5,4,4,3,1301.01,1.287
33,7.6,8.92,18.21,True,90.0,True,90.0,True,90.0,4,2,5,3,5,5,4,3,3,1234.49,1.356
2,9.0,12.66,11.6,False,105.48,False,99.16,False,100.72,4,2,5,4,5,6,5,2,3,1220.71,1.372
14,12.25,7.13,14.7,True,90.0,False,91.17,True,90.0,4,2,5,3,6,6,6,3,3,1283.67,1.304
4,12.53,7.49,6.94,True,90.0,False,111.77,True,90.0,2,2,5,3,5,7,3,2,3,604.87,1.384
2,6.59,13.85,14.12,False,85.88,False,102.89,False,91.03,4,2,5,4,6,7,4,3,3,1253.03,1.336
14,9.0,6.42,21.76,True,90.0,False,98.94,True,90.0,4,2,5,4,6,5,5,1,3,1242.02,1.348
33,9.05,13.16,10.25,True,90.0,True,90.0,True,90.0,4,2,5,4,3,4,4,3,3,1220.75,1.372
2,9.5,9.95,13.65,False,88.96,False,77.81,False,83.81,4,2,5,3,6,6,4,3,3,1253.81,1.335
19,8.8,15.33,17.99,True,90.0,True,90.0,True,90.0,8,2,5,4,5,7,3,3,3,2426.92,1.38
1,7.63,8.05,20.27,False,80.1,False,93.12,False,93.95,4,2,5,4,5,7,5,3,3,1222.41,1.37
33,7.25,7.57,22.9,True,90.0,True,90.0,True,90.0,4,2,5,3,5,6,4,2,3,1256.81,1.332
2,6.36,10.95,9.71,False,70.56,False,76.11,False,80.56,2,2,5,4,5,5,4,5,3,616.41,1.358
2,6.1,8.13,12.63,False,89.69,False,89.33,False,80.26,2,2,5,4,6,5,5,3,3,617.29,1.356
14,6.52,10.82,17.63,True,90.0,False,91.95,True,90.0,4,2,5,4,6,7,4,2,3,1243.01,1.347
14,13.42,4.99,19.29,True,90.0,False,92.6,True,90.0,4,2,5,3,6,6,3,2,3,1290.44,1.298
4,9.39,20.41,6.77,True,90.0,False,106.76,True,90.0,4,2,5,3,6,4,4,2,3,1242.35,1.348
2,6.07,7.3,14.23,False,87.39,False,99.21,False,102.02,2,2,5,3,6,6,5,4,3,608.72,1.375
2,7.01,6.19,15.93,False,88.19,False,84.25,False,70.27,2,2,5,4,5,8,3,2,3,647.38,1.293
15,12.4,8.92,23.06,True,90.0,False,94.72,True,90.0,8,2,5,4,5,6,4,2,3,2541.97,1.317
2,6.4,7.5,14.73,False,100.07,False,71.21,False,106.9,2,2,5,4,5,5,4,3,3,637.87,1.313
2,5.22,9.7,12.82,False,86.27,False,76.62,False,80.78,2,2,5,4,5,5,3,4,3,623.08,1.344
4,7.97,8.65,17.86,True,90.0,False,100.87,True,90.0,4,2,5,4,5,5,3,3,3,1209.19,1.385
14,11.85,6.85,16.27,True,90.0,False,102.83,True,90.0,4,2,5,4,5,6,4,3,3,1287.7,1.3
14,12.4,12.3,7.97,True,90.0,False,91.71,True,90.0,4,2,5,3,5,5,4,3,3,1215.04,1.378
9,6.54,6.84,28.82,True,90.0,False,91.35,True,90.0,4,2,5,4,6,6,6,3,3,1288.86,1.299
4,12.72,6.6,15.28,True,90.0,False,92.93,True,90.0,4,2,5,3,6,6,4,3,3,1281.11,1.307
2,8.84,9.69,15.35,False,88.16,False,99.02,False,94.37,4,2,5,4,5,5,4,3,3,1294.57,1.293
2,15.88,12.51,13.29,False,85.02,False,71.56,False,82.3,8,2,5,4,5,7,4,2,3,2479.26,1.351
2,7.72,7.69,10.56,False,101.68,False,95.35,False,80.64,2,2,5,4,6,6,4,2,3,604.58,1.385
14,9.14,15.12,9.33,True,90.0,False,104.51,True,90.0,4,2,5,2,6,6,4,2,3,1248.25,1.341
4,6.68,8.77,11.11,True,90.0,False,99.64,True,90.0,2,2,5,3,5,4,4,5,3,641.67,1.305
14,9.75,8.71,29.73,True,90.0,False,97.1,True,90.0,8,2,5,3,6,6,4,3,3,2505.39,1.337
9,6.85,10.88,17.26,True,90.0,False,101.34,True,90.0,4,2,5,3,6,6,3,3,3,1261.24,1.328
19,7.04,9.94,18.0,True,90.0,True,90.0,True,90.0,4,2,5,4,4,4,5,3,3,1259.6,1.329
2,8.34,10.08,8.01,False,111.72,False,101.13,False,87.48,2,2,5,4,5,5,5,3,3,613.53,1.365
2,11.69,8.69,13.48,False,86.71,False,83.46,False,65.42,4,2,5,4,6,5,4,3,3,1237.11,1.353
2,8.05,11.97,13.28,False,93.68,False,101.01,False,100.26,4,2,5,4,6,6,4,2,3,1229.6,1.362
4,8.78,7.5,9.98,True,90.0,False,113.03,True,90.0,2,2,5,4,4,5,5,3,3,604.81,1.384
2,5.12,9.92,12.3,False,85.67,False,91.95,False,81.2,2,2,5,3,5,6,4,1,3,614.95,1.361
4,5.8,13.41,8.28,True,90.0,False,97.68,True,90.0,2,2,5,4,5,6,6,2,3,638.23,1.312
15,11.25,6.07,18.63,True,90.0,False,96.91,True,90.0,4,2,5,4,5,6,5,2,3,1262.96,1.326
1,6.83,12.75,15.5,False,99.55,False,77.84,False,89.1,4,2,5,4,6,6,5,2,3,1299.41,1.289
2,6.32,7.05,14.24,False,105.51,False,92.32,False,95.44,2,2,5,4,5,6,4,1,3,607.18,1.379
61,19.71,13.95,9.43,True,90.0,True,90.0,True,90.0,8,2,5,4,4,4,4,2,3,2592.82,1.292
2,5.88,8.37,13.71,False,99.44,False,92.06,False,108.86,2,2,5,4,5,5,5,3,3,627.01,1.335
2,5.4,7.48,15.52,False,86.24,False,85.03,False,80.39,2,2,5,3,6,5,6,4,3,614.93,1.361
4,10.19,8.15,15.87,True,90.0,False,109.42,True,90.0,4,2,5,4,5,6,5,2,3,1243.0,1.347
2,9.27,11.62,12.57,False,112.1,False,98.43,False,87.33,4,2,5,4,5,5,4,3,3,1240.92,1.349
15,17.8,8.34,16.82,True,90.0,False,101.09,True,90.0,8,2,5,4,5,4,4,3,3,2450.33,1.367
33,10.25,8.6,27.95,True,90.0,True,90.0,True,90.0,8,2,5,3,5,5,3,3,3,2463.79,1.359
14,6.37,9.41,21.49,True,90.0,False,99.67,True,90.0,4,2,5,3,6,4,5,2,3,1269.84,1.319
5,16.28,5.24,15.77,True,90.0,False,112.13,True,90.0,4,2,5,4,5,7,5,1,3,1246.19,1.344
19,4.87,10.83,24.29,True,90.0,True,90.0,True,90.0,4,2,5,4,5,5,4,3,3,1281.11,1.307
14,15.32,7.66,10.79,True,90.0,False,96.48,True,90.0,4,2,5,3,6,6,5,5,3,1258.13,1.331
1,6.99,12.17,14.99,False,85.49,False,80.06,False,87.34,4,2,5,3,6,7,3,2,3,1251.44,1.338
2,8.82,11.65,6.69,False,86.79,False,96.08,False,71.16,2,2,5,3,6,5,5,2,3,643.95,1.3
61,6.8,9.17,19.53,True,90.0,True,90.0,True,90.0,4,2,5,3,6,6,4,1,3,1217.81,1.375
5,12.9,6.16,16.07,True,90.0,False,91.36,True,90.0,4,2,5,4,5,5,6,2,3,1276.63,1.312
2,7.94,7.44,11.24,False,87.33,False,109.05,False,76.94,2,2,5,3,5,6,4,3,3,606.15,1.381
2,7.94,12.62,13.27,False,99.7,False,105.46,False,97.64,4,2,5,3,6,6,5,3,3,1240.92,1.349
9,7.13,15.46,11.74,True,90.0,False,98.4,True,90.0,4,2,5,4,5,5,5,5,3,1280.22,1.308
2,5.94,6.93,15.0,False,86.41,False,85.51,False,91.24,2,2,5,4,5,6,5,5,3,614.14,1.363
14,6.92,11.68,16.36,True,90.0,False,100.93,True,90.0,4,2,5,4,5,6,4,2,3,1298.32,1.29
14,10.45,4.86,24.24,True,90.0,False,97.06,True,90.0,4,2,5,4,5,5,4,3,3,1221.74,1.371
14,14.29,6.33,28.94,True,90.0,False,99.27,True,90.0,8,2,5,4,5,6,4,2,3,2583.6,1.296
2,5.56,7.99,16.06,False,111.79,False,95.32,False,102.59,2,2,5,4,5,4,4,4,3,634.57,1.319
14,16.48,7.21,21.7,True,90.0,False,92.74,True,90.0,8,2,5,3,5,6,4,3,3,2575.46,1.3
4,9.95,9.7,13.32,True,90.0,False,91.49,True,90.0,4,2,5,3,6,5,3,3,3,1285.15,1.303
19,6.07,9.15,22.15,True,90.0,True,90.0,True,90.0,4,2,5,4,6,5,4,3,3,1230.22,1.361
15,21.74,8.62,14.43,True,90.0,False,109.85,True,90.0,8,2,5,4,5,5,4,2,3,2543.5,1.317
14,11.62,7.07,16.04,True,90.0,False,111.37,True,90.0,4,2,5,4,5,6,4,3,3,1227.14,1.364
9,8.89,10.27,13.71,True,90.0,False,98.32,True,90.0,4,2,5,4,5,6,4,2,3,1238.55,1.352
2,11.89,8.42,12.99,False,86.07,False,96.03,False,77.51,4,2,5,4,5,6,3,2,3,1257.09,1.332
14,10.73,11.04,11.25,True,90.0,False,103.74,True,90.0,4,2,5,4,5,5,4,3,3,1294.53,1.293
14,6.83,8.33,21.94,True,90.0,False,95.96,True,90.0,4,2,5,3,5,4,5,3,3,1241.5,1.349
2,7.42,7.8,21.55,False,86.76,False,79.87,False,94.29,4,2,5,4,6,4,5,2,3,1221.26,1.371
2,8.54,8.38,8.8,False,89.58,False,88.38,False,81.16,2,2,5,3,5,6,5,2,3,622.04,1.346
5,6.93,9.87,18.2,True,90.0,False,100.75,True,90.0,4,2,5,3,6,5,3,2,3,1223.02,1.369
2,6.79,12.99,14.74,False,86.41,False,86.69,False,88.26,4,2,5,4,4,5,6,5,3,1294.92,1.293
2,11.7,8.4,13.28,False,85.94,False,94.96,False,101.0,4,2,5,4,5,5,5,4,3,1274.41,1.314
14,8.54,5.93,12.89,True,90.0,False,104.15,True,90.0,2,2,5,4,6,4,5,5,3,632.97,1.323
14,6.9,11.96,15.21,True,90.0,False,100.69,True,90.0,4,2,5,4,5,5,4,2,3,1233.41,1.358
2,9.09,10.5,14.02,False,99.93,False,104.12,False,70.54,4,2,5,4,6,5,4,3,3,1217.48,1.375
14,10.95,9.14,12.78,True,90.0,False,96.12,True,90.0,4,2,5,4,5,5,4,3,3,1271.77,1.317
14,10.54,14.78,8.49,True,90.0,False,104.58,True,90.0,4,2,5,3,6,8,4,3,3,1279.99,1.308
4,10.27,6.3,10.49,True,90.0,False,111.45,True,90.0,2,2,5,3,6,5,4,2,3,631.7,1.325
19,7.52,7.84,21.01,True,90.0,True,90.0,True,90.0,4,2,5,4,6,6,5,3,3,1238.68,1.352
61,8.93,10.18,27.35,True,90.0,True,90.0,True,90.0,8,2,5,4,4,5,5,2,3,2486.32,1.347
14,8.21,16.17,9.44,True,90.0,False,98.89,True,90.0,4,2,5,3,6,5,3,3,3,1238.16,1.352
14,7.88,7.8,21.28,True,90.0,False,111.44,True,90.0,4,2,5,4,5,6,4,2,3,1217.44,1.375
2,7.25,8.57,11.36,False,74.39,False,72.46,False,78.53,2,2,5,4,5,5,4,2,3,642.83,1.302
19,4.36,12.81,23.04,True,90.0,True,90.0,True,90.0,4,2,5,4,5,4,5,2,3,1286.82,1.301
14,9.74,6.41,19.85,True,90.0,False,101.35,True,90.0,4,2,5,4,5,5,4,2,3,1215.07,1.378
33,11.62,13.61,15.76,True,90.0,True,90.0,True,90.0,8,2,5,3,6,6,4,3,3,2492.42,1.344
14,8.32,6.89,22.32,True,90.0,False,105.06,True,90.0,4,2,5,2,6,4,4,2,3,1235.54,1.355
2,5.71,12.61,19.02,False,73.38,False,77.4,False,82.6,4,2,5,4,5,5,5,5,3,1277.45,1.311
14,16.31,6.48,12.96,True,90.0,False,111.04,True,90.0,4,2,5,3,6,5,4,3,3,1278.41,1.31
14,6.17,9.38,22.27,True,90.0,False,89.98,True,90.0,4,2,5,4,6,5,4,3,3,1288.87,1.299
19,14.06,10.38,17.69,True,90.0,True,90.0,True,90.0,8,2,5,3,5,5,3,1,3,2581.73,1.297
9,7.12,13.22,13.47,True,90.0,False,93.02,True,90.0,4,2,5,4,5,5,4,3,3,1266.12,1.322
2,9.26,13.28,11.69,False,106.94,False,102.62,False,107.34,4,2,5,4,5,5,5,3,3,1237.12,1.353
14,13.09,6.81,14.58,True,90.0,False,111.39,True,90.0,4,2,5,3,6,6,3,2,3,1210.18,1.384
19,3.97,10.92,29.29,True,90.0,True,90.0,True,90.0,4,2,5,4,4,5,3,4,3,1269.79,1.319
61,8.64,15.63,9.54,True,90.0,True,90.0,True,90.0,4,2,5,4,5,5,5,2,3,1288.31,1.3
14,10.34,12.1,10.31,True,90.0,False,95.55,True,90.0,4,2,5,4,6,6,3,5,3,1283.88,1.304
2,8.17,9.87,15.44,False,100.24,False,91.81,False,88.02,4,2,5,4,5,6,6,3,3,1224.08,1.368
2,4.78,11.64,11.5,False,100.08,False,95.25,False,102.02,2,2,5,4,5,7,3,5,3,610.7,1.371
2,9.35,13.22,11.54,False,70.98,False,73.03,False,70.77,4,2,5,4,6,6,3,3,3,1245.8,1.344
15,16.92,9.59,16.76,True,90.0,False,116.82,True,90.0,8,2,5,3,6,6,4,3,3,2426.98,1.38
14,13.5,5.46,17.45,True,90.0,False,100.59,True,90.0,4,2,5,3,5,6,4,3,3,1264.33,1.324
9,9.35,11.62,12.02,True,90.0,False,98.12,True,90.0,4,2,5,4,5,5,6,3,3,1292.84,1.295
61,10.72,8.04,28.73,True,90.0,True,90.0,True,90.0,8,2,5,4,5,4,5,2,3,2476.2,1.352
2,8.09,13.26,13.83,False,114.54,False,101.19,False,104.5,4,2,5,4,5,5,5,2,3,1229.49,1.362
2,8.73,7.93,9.42,False,93.33,False,109.25,False,80.96,2,2,5,3,5,6,3,4,3,608.01,1.377
2,9.44,7.59,9.58,False,100.09,False,113.64,False,97.13,2,2,5,3,5,6,4,4,3,604.53,1.385
14,8.28,13.05,12.79,True,90.0,False,112.31,True,90.0,4,2,5,4,6,5,5,4,3,1278.56,1.31
19,5.47,17.29,13.39,True,90.0,True,90.0,True,90.0,4,2,5,4,5,4,5,2,3,1266.38,1.322
15,10.89,7.36,15.43,True,90.0,False,97.93,True,90.0,4,2,5,4,4,5,5,3,3,1224.89,1.367
14,7.63,7.58,10.9,True,90.0,False,101.45,True,90.0,2,2,5,4,6,5,6,4,3,617.86,1.355
29,7.5,15.25,21.94,True,90.0,True,90.0,True,90.0,8,2,5,4,6,5,5,2,3,2509.39,1.335
5,12.13,5.96,17.18,True,90.0,False,100.26,True,90.0,4,2,5,4,6,6,4,3,3,1222.16,1.37
2,8.13,7.66,11.19,False,101.76,False,96.34,False,113.69,2,2,5,2,6,4,3,2,3,610.2,1.372
4,7.75,9.85,8.52,True,90.0,False,96.08,True,90.0,2,2,5,4,6,5,5,2,3,646.74,1.295
2,8.97,7.91,10.86,False,65.85,False,64.23,False,69.73,2,2,5,4,6,6,6,3,3,619.71,1.351
2,8.37,7.61,10.33,False,77.23,False,80.71,False,87.91,2,2,5,4,5,5,3,2,3,633.28,1.322
2,7.08,11.32,7.94,False,94.0,False,95.14,False,102.6,2,2,5,3,6,5,4,2,3,615.92,1.359
14,11.95,13.6,15.17,True,90.0,False,100.3,True,90.0,8,2,5,4,5,6,4,1,3,2425.7,1.381
2,5.92,8.66,12.37,False,87.57,False,90.47,False,93.98,2,2,5,4,5,5,5,3,3,632.07,1.325
14,7.84,5.82,28.44,True,90.0,False,99.76,True,90.0,4,2,5,4,5,5,5,4,3,1278.9,1.309
1,8.35,7.46,21.06,False,99.93,False,93.7,False,88.52,4,2,5,4,5,5,5,4,3,1289.36,1.299
2,8.93,7.13,10.36,False,106.11,False,96.36,False,102.01,2,2,5,4,5,5,6,4,3,609.81,1.373
33,6.77,7.18,26.22,True,90.0,True,90.0,True,90.0,4,2,5,3,6,6,5,3,3,1274.52,1.314
15,17.82,5.07,27.14,True,90.0,False,99.52,True,90.0,8,2,5,4,6,4,5,3,3,2418.26,1.385
9,5.32,11.98,19.66,True,90.0,False,95.23,True,90.0,4,2,5,4,6,6,4,2,3,1247.79,1.342
14,7.45,10.61,16.1,True,90.0,False,102.15,True,90.0,4,2,5,4,6,6,5,4,3,1244.11,1.346
29,6.44,13.24,14.52,True,90.0,True,90.0,True,90.0,4,2,5,4,6,5,3,2,3,1238.06,1.352
19,4.56,12.85,21.98,True,90.0,True,90.0,True,90.0,4,2,5,4,6,5,6,2,3,1287.94,1.3
2,7.17,8.26,22.21,False,87.88,False,83.81,False,103.57,4,2,5,4,5,6,4,3,3,1268.55,1.32
2,4.54,6.93,20.64,False,87.18,False,95.61,False,93.47,2,2,5,4,5,7,3,2,3,644.47,1.299
1,8.28,17.85,8.99,False,93.91,False,111.25,False,95.0,4,2,5,4,6,8,4,2,3,1226.51,1.365
1,5.42,14.92,8.67,False,101.48,False,96.22,False,109.88,2,2,5,4,5,5,5,2,3,634.24,1.32
1,5.53,11.28,11.39,False,112.78,False,90.3,False,97.09,2,2,5,4,5,5,3,2,3,648.97,1.29
9,8.01,17.23,9.29,True,90.0,False,100.13,True,90.0,4,2,5,4,6,4,6,3,3,1262.15,1.327
15,14.85,10.75,16.67,True,90.0,False,102.96,True,90.0,8,2,5,4,5,5,5,4,3,2593.37,1.291
61,11.12,13.52,16.83,True,90.0,True,90.0,True,90.0,8,2,5,4,6,6,4,3,3,2530.26,1.324
14,8.64,4.17,18.53,True,90.0,False,104.75,True,90.0,2,2,5,4,6,4,5,3,3,645.61,1.297
2,4.46,9.03,15.87,False,88.82,False,79.88,False,92.77,2,2,5,4,5,6,4,2,3,628.19,1.333
2,9.7,10.99,11.97,False,100.96,False,94.11,False,100.72,4,2,5,4,5,6,3,2,3,1223.3,1.369
14,11.26,8.39,28.11,True,90.0,False,106.44,True,90.0,8,2,5,4,6,6,5,3,3,2547.02,1.315
2,6.32,9.14,11.27,False,86.93,False,76.8,False,81.88,2,2,5,4,5,5,5,5,3,627.3,1.335
2,8.18,10.03,8.61,False,72.08,False,74.03,False,79.84,2,2,5,2,6,6,6,2,3,642.94,1.302
15,15.12,9.59,17.53,True,90.0,False,97.25,True,90.0,8,2,5,3,6,6,4,2,3,2521.54,1.328
4,7.44,14.96,11.64,True,90.0,False,97.65,True,90.0,4,2,5,4,5,5,4,3,3,1284.03,1.304
2,9.43,13.08,5.31,False,70.72,False,79.86,False,80.62,2,2,5,4,6,5,4,3,3,604.68,1.385
4,5.42,9.24,13.02,True,90.0,False,96.15,True,90.0,2,2,5,4,6,6,4,2,3,648.3,1.291
2,6.64,6.94,14.79,False,81.3,False,83.53,False,72.08,2,2,5,4,6,6,5,5,3,639.43,1.309
4,10.32,10.88,10.95,True,90.0,False,92.23,True,90.0,4,2,5,3,6,4,4,3,3,1228.55,1.363
1,8.22,8.78,8.77,False,78.7,False,91.75,False,85.58,2,2,5,4,5,5,4,4,3,618.15,1.354
2,7.78,12.1,14.1,False,86.45,False,84.72,False,76.4,4,2,5,4,6,5,4,5,3,1283.54,1.305
1,8.36,11.91,12.9,False,85.1,False,91.3,False,85.28,4,2,5,4,5,6,4,5,3,1274.82,1.313
14,5.81,8.79,25.6,True,90.0,False,98.07,True,90.0,4,2,5,4,6,5,4,2,3,1294.44,1.294
2,8.8,9.55,9.23,False,98.89,False,114.22,False,106.68,2,2,5,4,6,5,4,3,3,643.89,1.3
9,9.17,12.55,10.84,True,90.0,False,100.94,True,90.0,4,2,5,3,5,5,4,2,3,1224.83,1.367
33,14.25,6.28,29.0,True,90.0,True,90.0,True,90.0,8,2,5,3,6,6,4,3,3,2595.21,1.29
2,7.52,10.28,17.18,False,99.96,False,97.72,False,101.31,4,2,5,3,6,5,5,4,3,1263.08,1.326
29,8.05,8.24,18.51,True,90.0,True,90.0,True,90.0,4,2,5,4,6,7,5,3,3,1227.81,1.364
2,7.89,8.41,9.64,False,101.23,False,96.29,False,88.86,2,2,5,4,6,5,5,4,3,623.64,1.342
2,7.76,15.37,6.3,False,71.65,False,112.3,False,87.99,2,2,5,4,6,5,5,2,3,649.56,1.289
4,8.82,11.61,12.53,True,90.0,False,103.0,True,90.0,4,2,5,3,5,5,4,4,3,1250.19,1.339
2,8.51,7.19,12.32,False,69.42,False,67.94,False,65.5,2,2,5,4,5,6,5,2,3,618.37,1.354
2,7.58,9.74,17.12,False,88.57,False,79.08,False,92.61,4,2,5,4,6,5,4,2,3,1239.05,1.351
2,5.28,11.29,12.02,False,71.49,False,82.87,False,71.38,2,2,5,4,4,5,4,4,3,643.69,1.301
15,27.97,7.71,13.1,True,90.0,False,113.08,True,90.0,8,2,5,3,6,4,5,3,3,2598.88,1.289
4,7.82,7.88,20.4,True,90.0,False,92.16,True,90.0,4,2,5,3,6,6,3,4,3,1256.19,1.333
29,13.94,7.42,24.37,True,90.0,True,90.0,True,90.0,8,2,5,3,5,5,3,2,3,2520.71,1.329
14,6.49,19.7,9.73,True,90.0,False,96.2,True,90.0,4,2,5,4,6,4,6,3,3,1236.73,1.354
4,8.33,15.74,10.07,True,90.0,False,102.64,True,90.0,4,2,5,3,6,5,4,4,3,1288.32,1.3
4,10.33,19.74,6.27,True,90.0,False,94.6,True,90.0,4,2,5,3,6,6,4,1,3,1274.42,1.314
4,5.75,6.23,18.54,True,90.0,False,101.32,True,90.0,2,2,5,4,6,6,3,3,3,651.23,1.286
2,10.09,17.55,7.55,False,94.03,False,102.55,False,89.74,4,2,5,4,5,5,4,2,3,1301.7,1.286
15,19.03,12.32,11.73,True,90.0,False,117.68,True,90.0,8,2,5,3,6,4,5,3,3,2435.36,1.375
4,9.87,11.85,10.86,True,90.0,False,100.67,True,90.0,4,2,5,4,6,6,4,2,3,1248.22,1.341
9,7.7,12.94,12.77,True,90.0,False,99.89,True,90.0,4,2,5,3,6,6,3,3,3,1253.47,1.336
2,6.49,11.99,16.16,False,94.55,False,90.57,False,97.37,4,2,5,4,5,4,5,5,3,1242.92,1.347
2,6.57,12.47,16.35,False,84.81,False,71.86,False,75.95,4,2,5,4,5,5,4,3,3,1234.7,1.356
1,8.52,10.99,13.12,False,85.38,False,82.21,False,88.67,4,2,5,4,6,5,3,3,3,1213.1,1.38
2,8.53,12.61,13.12,False,70.4,False,80.93,False,74.54,4,2,5,4,6,5,4,3,3,1277.73,1.31
2,8.79,11.62,12.52,False,88.63,False,95.85,False,87.41,4,2,5,4,6,5,4,2,3,1270.31,1.318
19,4.53,18.08,14.77,True,90.0,True,90.0,True,90.0,4,2,5,4,6,5,6,3,3,1209.7,1.384
4,5.58,10.96,10.41,True,90.0,False,96.62,True,90.0,2,2,5,4,5,5,3,4,3,632.4,1.324
9,12.9,12.37,15.6,True,90.0,False,103.02,True,90.0,8,2,5,4,5,6,4,3,3,2425.34,1.381
4,7.37,8.38,20.68,True,90.0,False,84.89,True,90.0,4,2,5,4,6,6,3,2,3,1272.13,1.316
2,6.39,7.56,15.4,False,114.44,False,104.54,False,101.4,2,2,5,4,5,4,4,3,3,616.02,1.359
4,5.76,14.65,14.74,True,90.0,False,102.21,True,90.0,4,2,5,4,5,4,5,3,3,1215.68,1.377
2,10.29,11.07,5.94,False,93.84,False,99.39,False,107.94,2,2,5,4,6,5,3,2,3,630.13,1.329
2,6.17,9.3,12.39,False,101.47,False,96.85,False,108.12,2,2,5,3,6,6,5,2,3,649.56,1.289
14,11.77,7.69,13.45,True,90.0,False,92.72,True,90.0,4,2,5,3,6,6,4,3,3,1216.01,1.377
15,14.53,5.39,16.94,True,90.0,False,108.58,True,90.0,4,2,5,4,5,4,6,3,3,1257.54,1.332
4,9.24,13.16,5.74,True,90.0,False,112.6,True,90.0,2,2,5,3,6,6,4,4,3,644.38,1.299
2,7.17,7.95,12.01,False,87.1,False,81.85,False,64.57,2,2,5,3,5,6,6,2,3,611.97,1.368
2,8.33,11.11,6.6,False,92.8,False,88.38,False,86.19,2,2,5,4,5,5,5,3,3,608.42,1.376
15,13.08,8.43,25.43,True,90.0,False,118.35,True,90.0,8,2,5,4,6,4,6,4,3,2467.72,1.357
14,10.56,5.42,21.67,True,90.0,False,102.17,True,90.0,4,2,5,3,6,5,5,2,3,1212.41,1.381
14,7.86,10.37,7.49,True,90.0,False,96.49,True,90.0,2,2,5,4,5,5,4,5,3,606.58,1.38
4,4.47,6.96,20.82,True,90.0,False,97.66,True,90.0,2,2,5,4,5,5,5,4,3,641.96,1.304
61,9.0,10.89,25.56,True,90.0,True,90.0,True,90.0,8,2,5,4,4,5,5,3,3,2505.14,1.337
2,9.18,8.94,16.08,False,86.41,False,78.64,False,87.81,4,2,5,3,6,6,4,3,3,1290.83,1.297
2,7.3,12.57,14.54,False,70.58,False,79.61,False,79.08,4,2,5,3,6,6,4,3,3,1225.55,1.366
1,4.86,13.04,20.16,False,86.65,False,80.07,False,89.06,4,2,5,4,5,5,4,2,3,1256.31,1.333
2,10.24,12.98,9.57,False,85.45,False,75.98,False,81.05,4,2,5,4,6,5,5,3,3,1217.93,1.375
2,8.47,17.53,8.61,False,92.15,False,98.1,False,103.33,4,2,5,4,5,4,4,2,3,1228.3,1.363
2,8.09,7.89,10.89,False,93.71,False,108.23,False,107.5,2,2,5,4,5,5,4,2,3,619.92,1.351
29,11.1,5.93,9.38,True,90.0,True,90.0,True,90.0,2,2,5,3,6,7,5,3,3,617.42,1.356
1,5.83,7.19,15.87,False,80.87,False,84.32,False,70.77,2,2,5,4,6,6,6,3,3,619.38,1.352
2,5.2,11.4,11.06,False,88.92,False,91.49,False,102.22,2,2,5,4,6,5,6,2,3,640.51,1.307
14,5.34,24.47,9.96,True,90.0,False,100.03,True,90.0,4,2,5,4,6,4,5,2,3,1281.58,1.307
14,8.46,7.16,20.64,True,90.0,False,92.47,True,90.0,4,2,5,4,5,5,5,1,3,1249.08,1.341
1,8.16,11.77,13.27,False,99.12,False,97.38,False,94.59,4,2,5,4,5,5,4,2,3,1241.38,1.349
14,8.44,9.91,15.09,True,90.0,False,99.43,True,90.0,4,2,5,3,6,6,4,4,3,1245.08,1.345
14,13.69,6.95,13.65,True,90.0,False,92.93,True,90.0,4,2,5,4,6,6,4,3,3,1297.04,1.291
2,8.65,8.48,9.77,False,85.12,False,86.5,False,64.64,2,2,5,3,6,6,3,2,3,645.0,1.298
14,5.3,18.04,13.41,True,90.0,False,92.32,True,90.0,4,2,5,3,6,7,4,2,3,1281.11,1.307
2,10.66,8.27,15.52,False,99.67,False,96.66,False,112.96,4,2,5,3,6,6,4,3,3,1216.84,1.376
2,5.74,8.26,13.23,False,100.77,False,95.52,False,95.72,2,2,5,3,5,5,3,2,3,608.9,1.375
2,10.65,16.54,7.44,False,94.37,False,103.41,False,76.51,4,2,5,4,6,6,4,3,3,1239.32,1.351
4,7.59,5.2,16.45,True,90.0,False,91.93,True,90.0,2,2,5,4,5,5,6,1,3,648.88,1.29
4,11.25,4.78,12.39,True,90.0,False,105.04,True,90.0,2,2,5,3,5,6,4,3,3,643.45,1.301
2,9.21,7.9,18.04,False,88.54,False,79.52,False,79.99,4,2,5,4,5,5,6,2,3,1271.0,1.317
14,11.58,14.83,7.25,True,90.0,False,97.63,True,90.0,4,2,5,3,6,6,4,3,3,1234.03,1.357
4,7.01,7.87,11.07,True,90.0,False,93.15,True,90.0,2,2,5,4,6,5,5,3,3,609.79,1.373
14,11.26,8.12,14.59,True,90.0,False,108.0,True,90.0,4,2,5,4,6,5,4,1,3,1268.69,1.32
14,10.72,12.85,9.21,True,90.0,False,98.52,True,90.0,4,2,5,3,6,6,3,3,3,1254.69,1.335
15,13.2,8.68,23.35,True,90.0,False,103.81,True,90.0,8,2,5,4,5,5,4,3,3,2598.01,1.289
2,7.81,12.61,13.93,False,106.37,False,99.8,False,101.03,4,2,5,4,6,5,5,2,3,1254.83,1.334
2,10.55,11.52,5.96,False,112.6,False,104.5,False,92.74,2,2,5,2,6,6,3,4,3,638.97,1.31
2,5.3,7.34,16.73,False,86.84,False,82.5,False,74.97,2,2,5,3,6,6,6,5,3,623.03,1.344
14,8.9,10.4,15.29,True,90.0,False,115.82,True,90.0,4,2,5,3,6,6,4,2,3,1273.95,1.314
2,6.34,9.69,11.17,False,71.31,False,77.27,False,81.41,2,2,5,4,6,7,5,2,3,631.75,1.325
15,20.77,6.57,18.06,True,90.0,False,100.86,True,90.0,8,2,5,3,6,6,5,2,3,2420.31,1.384
2,6.19,11.79,17.06,False,87.83,False,84.47,False,80.7,4,2,5,3,6,5,5,2,3,1222.64,1.37
33,6.19,7.3,28.41,True,90.0,True,90.0,True,90.0,4,2,5,3,6,5,5,3,3,1283.76,1.304
2,11.34,8.24,8.46,False,112.56,False,107.61,False,102.04,2,2,5,4,5,6,4,3,3,646.75,1.294
2,7.53,6.76,13.57,False,80.66,False,81.68,False,64.93,2,2,5,3,6,6,5,2,3,615.15,1.361
2,8.44,6.01,12.82,False,86.56,False,97.4,False,80.73,2,2,5,4,5,5,6,1,3,634.28,1.32
2,6.69,8.52,11.22,False,87.05,False,84.91,False,87.94,2,2,5,4,6,5,3,2,3,635.84,1.317
2,8.54,10.28,14.53,False,81.02,False,80.33,False,87.81,4,2,5,4,6,6,4,2,3,1241.97,1.348
4,9.62,9.78,6.61,True,90.0,False,97.23,True,90.0,2,2,5,4,5,4,4,2,3,616.95,1.357
2,9.61,10.24,6.76,False,112.34,False,92.39,False,97.57,2,2,5,3,6,7,3,2,3,606.87,1.38
4,6.21,5.26,19.83,True,90.0,False,91.14,True,90.0,2,2,5,4,5,5,5,3,3,647.61,1.293
1,4.46,9.03,15.57,False,85.76,False,80.11,False,88.42,2,2,5,4,5,4,4,4,3,615.98,1.359
14,7.83,8.4,18.66,True,90.0,False,96.76,True,90.0,4,2,5,4,5,5,4,3,3,1218.77,1.374
1,8.62,13.03,22.18,False,84.85,False,90.04,False,88.18,8,2,5,4,4,6,4,2,3,2479.9,1.35
61,15.05,12.25,13.22,True,90.0,True,90.0,True,90.0,8,2,5,4,6,6,3,2,3,2437.27,1.374
2,8.44,12.95,12.78,False,113.41,False,96.24,False,88.84,4,2,5,3,6,6,3,3,3,1273.85,1.314
1,11.8,8.87,24.93,False,87.75,False,95.29,False,87.88,8,2,5,3,6,6,3,2,3,2594.04,1.291
2,4.62,7.33,20.05,False,88.33,False,72.03,False,80.25,2,2,5,4,5,6,6,3,3,636.34,1.316
2,7.33,11.18,14.96,False,87.61,False,85.61,False,92.2,4,2,5,3,5,6,3,2,3,1220.24,1.372
2,7.6,7.93,11.33,False,92.59,False,94.74,False,107.56,2,2,5,4,5,5,5,5,3,647.02,1.294
19,4.47,17.27,16.52,True,90.0,True,90.0,True,90.0,4,2,5,3,6,6,3,3,3,1275.29,1.313
2,9.52,8.3,16.94,False,99.99,False,104.61,False,88.69,4,2,5,3,6,6,3,2,3,1275.3,1.313
33,11.97,8.37,12.56,True,90.0,True,90.0,True,90.0,4,2,5,4,5,3,5,2,3,1258.37,1.331
14,12.38,5.27,20.42,True,90.0,False,105.8,True,90.0,4,2,5,4,6,5,5,3,3,1281.92,1.306
19,6.2,7.71,27.06,True,90.0,True,90.0,True,90.0,4,2,5,4,5,4,6,2,3,1293.52,1.294
61,12.94,9.74,19.76,True,90.0,True,90.0,True,90.0,8,2,5,4,5,7,6,2,3,2490.46,1.345
14,10.3,7.89,17.37,True,90.0,False,114.77,True,90.0,4,2,5,2,6,5,3,2,3,1281.74,1.306
15,21.04,8.34,16.41,True,90.0,False,119.24,True,90.0,8,2,5,4,5,5,4,3,3,2512.62,1.333
2,5.95,7.26,14.59,False,87.77,False,97.15,False,91.03,2,2,5,3,6,6,3,1,3,624.81,1.34
14,13.31,13.06,16.4,True,90.0,False,117.5,True,90.0,8,2,5,3,5,5,4,4,3,2528.68,1.324
4,9.44,4.68,13.97,True,90.0,False,92.96,True,90.0,2,2,5,4,6,4,5,4,3,616.36,1.358
9,10.47,10.77,11.15,True,90.0,False,98.14,True,90.0,4,2,5,3,6,5,4,2,3,1244.63,1.345
14,8.19,11.11,7.34,True,90.0,False,103.62,True,90.0,2,2,5,4,6,5,4,2,3,649.09,1.29
9,6.16,11.72,17.2,True,90.0,False,95.57,True,90.0,4,2,5,4,5,5,5,4,3,1235.89,1.355
33,15.24,4.98,16.2,True,90.0,True,90.0,True,90.0,4,2,5,4,5,6,5,3,3,1229.5,1.362
14,6.46,7.06,28.51,True,90.0,False,101.37,True,90.0,4,2,5,3,6,8,4,3,3,1274.75,1.314
14,7.6,3.88,22.1,True,90.0,False,92.05,True,90.0,2,2,5,4,5,8,5,1,3,651.27,1.286
14,6.66,14.61,13.25,True,90.0,False,99.36,True,90.0,4,2,5,4,6,6,3,3,3,1272.09,1.316
4,8.16,4.09,18.47,True,90.0,False,97.75,True,90.0,2,2,5,4,5,4,6,3,3,610.79,1.371
2,7.73,11.55,8.08,False,74.77,False,108.17,False,74.36,2,2,5,4,5,5,4,4,3,610.8,1.371
33,6.17,8.23,24.5,True,90.0,True,90.0,True,90.0,4,2,5,4,6,6,6,2,3,1244.09,1.346
2,7.13,11.6,17.33,False,112.75,False,83.73,False,80.89,4,2,5,3,6,5,6,3,3,1282.08,1.306
14,12.19,5.84,17.47,True,90.0,False,102.44,True,90.0,4,2,5,4,5,5,4,1,3,1214.48,1.379
1,11.95,8.72,12.14,False,91.86,False,75.67,False,86.43,4,2,5,4,6,7,3,2,3,1221.8,1.37
2,9.26,8.0,17.27,False,86.27,False,102.67,False,81.96,4,2,5,4,6,5,4,2,3,1229.86,1.361
14,6.07,11.18,8.98,True,90.0,False,90.18,True,90.0,2,2,5,3,5,6,3,2,3,609.4,1.374
2,9.52,7.17,10.34,False,112.45,False,102.69,False,98.0,2,2,5,3,6,6,3,2,3,616.59,1.358
14,5.13,4.69,26.06,True,90.0,False,92.7,True,90.0,2,2,5,3,4,4,5,3,3,626.3,1.337
2,8.03,8.89,9.45,False,87.16,False,74.52,False,87.2,2,2,5,4,5,6,4,2,3,648.89,1.29
2,12.74,7.71,7.42,False,92.45,False,109.52,False,113.54,2,2,5,4,6,6,4,2,3,616.54,1.358
4,5.41,5.48,21.66,True,90.0,False,100.72,True,90.0,2,2,5,4,5,8,4,2,3,630.94,1.327
2,7.42,8.75,9.79,False,99.37,False,92.11,False,101.29,2,2,5,4,6,5,4,3,3,613.45,1.365
2,5.5,9.43,12.4,False,75.13,False,86.27,False,88.27,2,2,5,4,4,6,4,3,3,620.21,1.35
14,9.8,4.97,12.42,True,90.0,False,92.54,True,90.0,2,2,5,3,5,6,5,2,3,604.33,1.385
5,9.4,9.35,7.54,False,90.0,False,101.41,True,90.0,2,2,5,3,5,6,5,1,3,649.59,1.289
33,10.67,4.12,29.4,True,90.0,True,90.0,True,90.0,4,2,5,3,5,5,6,3,3,1292.44,1.296
2,8.62,17.72,8.21,False,95.31,False,96.22,False,93.39,4,2,5,4,5,5,4,2,3,1238.28,1.352
29,11.02,8.38,27.99,True,90.0,True,90.0,True,90.0,8,2,5,4,6,6,4,2,3,2584.81,1.296
5,7.33,7.7,23.08,True,90.0,False,92.62,True,90.0,4,2,5,4,4,4,6,3,3,1301.3,1.287
2,6.23,14.31,14.78,False,88.99,False,81.44,False,87.25,4,2,5,4,5,6,4,2,3,1301.4,1.287
14,10.94,25.58,4.43,True,90.0,False,97.9,True,90.0,4,2,5,3,5,5,3,3,3,1227.95,1.364
2,5.76,8.78,13.53,False,113.5,False,97.19,False,95.46,2,2,5,3,6,6,4,2,3,614.6,1.362
2,7.71,7.03,11.93,False,88.09,False,86.8,False,70.6,2,2,5,4,6,5,4,4,3,608.88,1.375
2,7.16,11.72,15.18,False,75.86,False,88.25,False,88.07,4,2,5,3,6,6,4,4,3,1234.21,1.357
14,12.0,8.72,23.13,True,90.0,False,91.59,True,90.0,8,2,5,4,6,6,6,2,3,2419.39,1.384
2,7.07,6.95,12.54,False,85.75,False,90.01,False,80.89,2,2,5,4,6,6,4,2,3,606.68,1.38
4,11.39,8.38,13.05,True,90.0,False,99.92,True,90.0,4,2,5,4,6,5,4,3,3,1226.98,1.365
61,11.14,11.68,19.95,True,90.0,True,90.0,True,90.0,8,2,5,4,5,4,5,2,3,2595.8,1.29
14,9.47,9.25,14.99,True,90.0,False,98.53,True,90.0,4,2,5,4,6,6,4,4,3,1298.56,1.289
2,8.32,9.38,8.77,False,77.07,False,95.91,False,80.48,2,2,5,4,5,6,6,5,3,650.87,1.286
14,6.72,6.22,29.44,True,90.0,False,92.44,True,90.0,4,2,5,4,6,5,6,2,3,1229.43,1.362
2,8.13,12.4,13.19,False,73.79,False,81.31,False,87.52,4,2,5,4,5,6,4,3,3,1262.19,1.327
5,13.56,4.86,19.82,True,90.0,False,105.07,True,90.0,4,2,5,3,5,5,5,2,3,1261.25,1.328
61,7.42,11.33,29.88,True,90.0,True,90.0,True,90.0,8,2,5,3,5,6,4,1,3,2511.97,1.333
14,6.01,13.99,15.3,True,90.0,False,97.35,True,90.0,4,2,5,4,6,6,3,3,3,1275.85,1.312
2,6.45,12.14,16.83,False,85.71,False,100.18,False,80.16,4,2,5,3,6,5,5,3,3,1270.5,1.318
14,12.45,14.94,13.1,True,90.0,False,97.1,True,90.0,8,2,5,3,6,6,5,4,3,2417.95,1.385
19,6.32,18.43,21.88,True,90.0,True,90.0,True,90.0,8,2,5,4,4,4,4,2,3,2548.53,1.314
4,8.38,6.29,11.7,True,90.0,False,99.04,True,90.0,2,2,5,4,6,5,5,2,3,609.05,1.375
1,10.05,12.71,10.22,False,98.64,False,107.4,False,87.92,4,2,5,3,6,6,3,3,3,1231.53,1.36
14,10.16,19.2,6.38,True,90.0,False,102.24,True,90.0,4,2,5,4,5,5,4,2,3,1216.27,1.377
2,6.61,8.29,12.11,False,100.57,False,96.6,False,87.84,2,2,5,4,5,5,4,5,3,647.91,1.292
9,9.08,17.35,15.82,True,90.0,False,89.99,True,90.0,8,2,5,4,5,4,4,1,3,2492.25,1.344
2,6.84,7.08,13.84,False,100.04,False,100.02,False,102.71,2,2,5,4,6,5,6,2,3,627.87,1.333
4,8.97,10.1,7.81,True,90.0,False,113.6,True,90.0,2,2,5,4,5,5,4,3,3,648.38,1.291
2,8.09,10.0,8.1,False,93.21,False,93.18,False,108.23,2,2,5,3,6,5,4,2,3,619.58,1.351
2,7.51,8.13,11.49,False,86.76,False,72.62,False,69.21,2,2,5,4,5,5,5,5,3,624.95,1.34
2,9.38,12.65,11.36,False,71.46,False,86.27,False,80.14,4,2,5,3,6,6,4,2,3,1259.03,1.33
14,12.99,8.08,13.4,True,90.0,False,114.38,True,90.0,4,2,5,3,6,6,4,1,3,1281.04,1.307
4,6.14,15.12,14.02,True,90.0,False,95.07,True,90.0,4,2,5,3,5,6,3,3,3,1296.48,1.292
2,8.61,12.06,12.21,False,87.47,False,90.92,False,80.57,4,2,5,4,6,5,4,2,3,1249.14,1.34
5,19.75,7.21,17.14,True,90.0,False,92.53,True,90.0,8,2,5,4,5,5,4,1,3,2438.31,1.373
2,6.09,7.22,15.03,False,102.48,False,96.31,False,101.48,2,2,5,4,5,6,5,5,3,624.21,1.341
14,10.92,5.56,21.21,True,90.0,False,95.95,True,90.0,4,2,5,4,6,6,4,3,3,1280.83,1.307
15,11.06,7.5,29.67,True,90.0,False,94.38,True,90.0,8,2,5,3,6,7,5,1,3,2453.94,1.365
5,6.76,9.52,19.77,True,90.0,False,100.2,True,90.0,4,2,5,3,6,6,4,2,3,1252.19,1.337
2,8.92,8.54,8.79,False,89.45,False,81.88,False,75.2,2,2,5,3,5,6,4,1,3,640.64,1.307
2,9.64,7.68,9.13,False,81.31,False,97.1,False,79.52,2,2,5,4,5,6,5,2,3,649.05,1.29
1,6.61,6.94,13.8,False,86.68,False,84.03,False,92.92,2,2,5,3,6,6,5,3,3,627.53,1.334
14,12.27,5.24,20.06,True,90.0,False,89.99,True,90.0,4,2,5,3,6,6,4,3,3,1289.75,1.298
14,7.02,7.77,23.36,True,90.0,False,93.27,True,90.0,4,2,5,4,5,4,5,2,3,1272.11,1.316
2,6.2,7.5,14.2,False,82.33,False,75.69,False,77.25,2,2,5,4,5,5,4,3,3,621.86,1.346
2,8.76,7.88,9.56,False,85.23,False,77.81,False,82.96,2,2,5,2,5,5,4,3,3,639.06,1.31
5,18.68,5.56,12.1,True,90.0,False,96.45,True,90.0,4,2,5,4,5,5,4,2,3,1248.76,1.341
2,6.73,9.15,10.69,False,99.49,False,96.09,False,108.03,2,2,5,4,5,5,5,3,3,608.67,1.375
19,4.0,14.95,20.25,True,90.0,True,90.0,True,90.0,4,2,5,4,6,4,4,2,3,1210.95,1.383
61,13.64,9.84,18.58,True,90.0,True,90.0,True,90.0,8,2,5,4,5,6,3,3,3,2493.76,1.343
2,5.47,9.48,12.7,False,106.23,False,93.1,False,79.56,2,2,5,3,6,5,6,5,3,621.85,1.346
4,7.63,4.2,19.86,True,90.0,False,94.57,True,90.0,2,2,5,4,5,6,4,5,3,634.41,1.32
4,5.54,11.67,10.13,True,90.0,False,105.4,True,90.0,2,2,5,4,6,6,5,5,3,631.41,1.326
2,5.55,10.36,12.21,False,87.31,False,103.22,False,108.05,2,2,5,3,5,5,4,3,3,649.59,1.289
14,8.44,8.64,17.55,True,90.0,False,90.76,True,90.0,4,2,5,4,5,6,3,3,3,1279.66,1.308
14,9.48,6.81,21.19,True,90.0,False,113.63,True,90.0,4,2,5,4,6,5,4,3,3,1253.3,1.336
19,6.64,12.19,7.67,True,90.0,True,90.0,True,90.0,2,2,5,4,5,6,4,2,3,620.82,1.349
15,18.72,8.91,14.95,True,90.0,False,96.82,True,90.0,8,2,5,4,5,6,5,3,3,2475.94,1.353
4,8.75,7.08,11.04,True,90.0,False,111.17,True,90.0,2,2,5,3,5,5,4,4,3,637.77,1.313
5,14.95,7.11,23.89,True,90.0,False,106.04,True,90.0,8,2,5,4,5,5,6,4,3,2440.52,1.372
15,11.6,8.01,14.62,True,90.0,False,116.71,True,90.0,4,2,5,4,5,6,3,1,3,1213.48,1.38
2,8.8,11.22,13.2,False,85.82,False,103.6,False,92.67,4,2,5,3,6,6,4,2,3,1262.82,1.326
4,8.39,7.7,19.52,True,90.0,False,99.34,True,90.0,4,2,5,4,6,6,4,2,3,1244.33,1.346
2,11.87,11.73,10.85,False,70.17,False,75.84,False,64.91,4,2,5,3,6,5,4,3,3,1277.99,1.31
2,6.19,11.0,10.82,False,65.43,False,77.03,False,79.65,2,2,5,4,5,6,5,3,3,649.83,1.288
5,10.87,9.14,12.89,True,90.0,False,79.49,True,90.0,4,2,5,3,6,6,4,2,3,1259.16,1.33
14,11.1,16.87,7.11,True,90.0,False,113.38,True,90.0,4,2,5,4,5,6,4,2,3,1222.08,1.37
2,9.92,8.94,16.21,False,87.13,False,74.49,False,65.0,4,2,5,4,5,5,4,3,3,1252.18,1.337
2,9.11,9.15,16.93,False,75.83,False,70.04,False,79.07,4,2,5,3,5,5,4,4,3,1277.36,1.311
14,11.11,9.5,24.77,True,90.0,False,99.18,True,90.0,8,2,5,4,6,5,4,2,3,2580.87,1.298
15,15.85,6.23,25.84,True,90.0,False,97.66,True,90.0,8,2,5,4,5,5,4,3,3,2528.81,1.324
4,11.87,9.58,5.99,True,90.0,False,115.27,True,90.0,2,2,5,3,5,7,4,1,3,615.97,1.359
2,8.77,13.16,11.94,False,100.5,False,94.51,False,73.48,4,2,5,4,5,6,4,3,3,1298.5,1.29
4,7.57,5.43,15.4,True,90.0,False,102.91,True,90.0,2,2,5,3,6,6,5,3,3,617.02,1.357
4,7.49,5.87,14.31,True,90.0,False,103.14,True,90.0,2,2,5,4,5,5,5,2,3,612.68,1.366
2,8.03,7.37,12.51,False,104.9,False,102.85,False,108.31,2,2,5,4,5,5,5,4,3,641.08,1.306
2,6.97,7.58,14.45,False,111.72,False,110.21,False,100.09,2,2,5,4,6,6,4,4,3,624.06,1.342
61,7.88,15.02,21.59,True,90.0,True,90.0,True,90.0,8,2,5,3,5,6,5,3,3,2555.34,1.311
2,9.03,7.41,11.09,False,113.31,False,110.43,False,92.26,2,2,5,4,5,5,3,1,3,624.88,1.34
14,9.81,12.05,10.74,True,90.0,False,104.07,True,90.0,4,2,5,3,5,6,4,2,3,1231.49,1.36
4,9.66,5.35,11.73,True,90.0,False,90.78,True,90.0,2,2,5,4,6,5,5,1,3,606.16,1.381
14,10.05,10.36,12.99,True,90.0,False,109.28,True,90.0,4,2,5,3,6,4,5,5,3,1276.64,1.312
29,5.65,9.71,22.34,True,90.0,True,90.0,True,90.0,4,2,5,3,5,6,3,2,3,1225.61,1.366
14,9.89,8.58,29.44,True,90.0,False,103.49,True,90.0,8,2,5,3,5,6,3,1,3,2429.24,1.379
14,6.62,7.64,12.14,True,90.0,False,94.13,True,90.0,2,2,5,3,5,5,3,3,3,612.41,1.367
9,9.76,6.23,20.07,True,90.0,False,92.53,True,90.0,4,2,5,4,6,6,6,5,3,1219.16,1.373
2,8.71,11.38,13.75,False,88.18,False,80.9,False,66.06,4,2,5,3,6,6,4,2,3,1229.18,1.362
19,9.0,13.2,21.11,True,90.0,True,90.0,True,90.0,8,2,5,4,5,5,4,3,3,2507.87,1.335
14,10.29,6.17,10.65,True,90.0,False,112.92,True,90.0,2,2,5,4,5,5,5,3,3,622.78,1.344
15,10.93,11.08,10.09,True,90.0,False,89.99,True,90.0,4,2,5,3,5,5,4,3,3,1221.94,1.37
5,13.5,9.2,20.06,True,90.0,False,91.71,True,90.0,8,2,5,4,6,5,3,2,3,2490.34,1.345
4,7.31,7.4,23.85,True,90.0,False,89.98,True,90.0,4,2,5,3,6,6,5,3,3,1290.14,1.298
29,12.11,8.18,24.79,True,90.0,True,90.0,True,90.0,8,2,5,4,5,5,4,1,3,2455.69,1.364
2,11.22,7.81,8.03,False,81.36,False,82.39,False,65.99,2,2,5,3,5,6,3,2,3,633.49,1.322
2,6.14,9.27,10.99,False,101.0,False,97.51,False,89.15,2,2,5,4,5,5,4,3,3,608.73,1.375
1,5.83,12.09,18.45,False,87.52,False,91.21,False,85.5,4,2,5,4,5,5,6,4,3,1294.83,1.293
14,7.67,12.14,13.82,True,90.0,False,104.6,True,90.0,4,2,5,3,6,6,3,2,3,1245.28,1.345
2,8.9,7.42,10.17,False,70.92,False,76.59,False,78.3,2,2,5,2,5,6,4,2,3,611.49,1.369
33,8.23,9.16,16.41,True,90.0,True,90.0,True,90.0,4,2,5,3,6,5,6,5,3,1237.1,1.354
19,4.94,15.27,16.7,True,90.0,True,90.0,True,90.0,4,2,5,4,6,5,4,3,3,1259.74,1.329
9,8.21,16.11,9.37,True,90.0,False,90.02,True,90.0,4,2,5,3,6,6,4,2,3,1239.31,1.351
29,7.45,6.28,26.89,True,90.0,True,90.0,True,90.0,4,2,5,4,5,3,5,2,3,1258.08,1.331
14,15.45,8.5,9.77,True,90.0,False,104.81,True,90.0,4,2,5,3,5,5,4,3,3,1240.42,1.35
5,15.77,7.26,21.93,True,90.0,False,91.27,True,90.0,8,2,5,4,5,5,5,2,3,2510.15,1.334
4,6.01,4.17,24.33,True,90.0,False,93.64,True,90.0,2,2,5,3,6,6,5,3,3,608.52,1.376
4,5.9,20.01,5.63,True,90.0,False,107.44,True,90.0,2,2,5,4,6,5,5,2,3,634.12,1.32
2,7.19,8.38,10.72,False,88.09,False,97.59,False,81.04,2,2,5,3,6,5,5,4,3,631.47,1.326
2,5.2,7.79,15.88,False,79.93,False,84.11,False,80.73,2,2,5,4,5,6,4,2,3,623.25,1.343
2,9.97,9.23,6.99,False,101.82,False,93.53,False,86.24,2,2,5,3,6,6,3,2,3,627.48,1.334
2,9.7,10.37,12.81,False,87.99,False,97.59,False,93.7,4,2,5,3,5,6,3,3,3,1274.13,1.314
2,6.5,11.73,17.02,False,102.49,False,93.75,False,94.36,4,2,5,4,4,5,5,3,3,1258.84,1.33
19,4.73,10.29,25.31,True,90.0,True,90.0,True,90.0,4,2,5,3,6,6,5,2,3,1231.88,1.359
4,5.93,15.38,6.95,True,90.0,False,95.0,True,90.0,2,2,5,4,5,4,3,4,3,631.45,1.326
1,7.75,10.33,8.58,False,112.15,False,96.46,False,100.55,2,2,5,4,6,5,3,3,3,612.89,1.366
2,7.7,7.85,11.46,False,99.84,False,99.29,False,106.51,2,2,5,4,5,4,4,5,3,638.0,1.312
2,8.78,10.78,7.57,False,106.21,False,97.39,False,113.07,2,2,5,3,5,4,5,3,3,609.58,1.373
14,5.15,11.48,21.19,True,90.0,False,90.74,True,90.0,4,2,5,4,5,4,3,2,3,1252.69,1.337
2,7.02,7.98,12.18,False,109.67,False,93.63,False,101.84,2,2,5,3,5,5,5,3,3,622.31,1.345
2,8.64,10.7,15.49,False,107.42,False,104.77,False,102.2,4,2,5,4,6,6,6,2,3,1255.34,1.334
2,5.19,9.98,11.88,False,87.03,False,82.44,False,94.31,2,2,5,4,6,6,4,2,3,607.08,1.379
1,8.93,9.54,8.37,False,86.46,False,94.43,False,113.76,2,2,5,4,6,6,5,2,3,650.3,1.287
9,9.28,8.8,14.97,True,90.0,False,98.64,True,90.0,4,2,5,4,5,6,4,2,3,1208.64,1.385
33,10.85,10.21,11.15,True,90.0,True,90.0,True,90.0,4,2,5,4,6,5,4,3,3,1235.18,1.356
9,6.89,11.89,15.78,True,90.0,False,98.14,True,90.0,4,2,5,3,6,6,6,3,3,1279.71,1.308
19,6.25,6.98,28.18,True,90.0,True,90.0,True,90.0,4,2,5,4,6,5,4,3,3,1229.35,1.362
1,11.34,8.73,26.64,False,87.43,False,95.49,False,99.51,8,2,5,3,6,4,4,4,3,2588.0,1.294
14,11.66,4.6,22.7,True,90.0,False,96.29,True,90.0,4,2,5,4,5,5,6,2,3,1210.21,1.384
14,10.94,11.93,19.49,True,90.0,False,105.23,True,90.0,8,2,5,4,6,7,4,2,3,2454.38,1.364
4,13.4,13.84,7.1,True,90.0,False,100.15,True,90.0,4,2,5,3,6,5,3,3,3,1296.13,1.292
33,14.69,4.43,18.78,True,90.0,True,90.0,True,90.0,4,2,5,2,6,4,5,3,3,1222.14,1.37
2,6.88,9.14,10.69,False,85.67,False,92.41,False,72.89,2,2,5,4,6,5,5,3,3,639.18,1.31
4,11.68,6.6,16.52,True,90.0,False,101.2,True,90.0,4,2,5,4,5,6,3,3,3,1249.24,1.34
2,4.62,7.1,19.4,False,87.64,False,96.9,False,93.36,2,2,5,3,5,5,4,2,3,630.29,1.328
4,8.79,11.79,6.51,True,90.0,False,105.48,True,90.0,2,2,5,3,5,5,3,2,3,650.18,1.288
2,10.54,7.61,8.14,False,81.01,False,87.73,False,78.95,2,2,5,3,6,6,3,3,3,632.9,1.323
14,14.18,8.53,21.31,True,90.0,False,104.0,True,90.0,8,2,5,4,4,5,6,5,3,2501.0,1.339
29,13.13,8.18,22.51,True,90.0,True,90.0,True,90.0,8,2,5,3,6,6,6,1,3,2417.65,1.385
2,3.73,11.15,15.16,False,86.02,False,84.08,False,80.98,2,2,5,4,5,5,6,3,3,618.47,1.354
14,12.22,7.94,14.64,True,90.0,False,116.63,True,90.0,4,2,5,4,5,6,5,3,3,1269.79,1.319
14,14.09,6.53,13.76,True,90.0,False,105.61,True,90.0,4,2,5,4,6,5,4,2,3,1219.33,1.373
2,6.43,11.9,16.2,False,85.68,False,97.1,False,87.38,4,2,5,4,5,6,5,4,3,1224.68,1.367
14,16.19,5.27,15.15,True,90.0,False,96.59,True,90.0,4,2,5,4,6,6,5,2,3,1284.08,1.304
5,10.05,8.85,14.11,True,90.0,False,104.49,True,90.0,4,2,5,4,5,6,3,2,3,1215.06,1.378
14,9.26,10.79,25.0,True,90.0,False,101.49,True,90.0,8,2,5,4,6,6,3,2,3,2447.83,1.368
19,10.28,11.57,21.8,True,90.0,True,90.0,True,90.0,8,2,5,3,6,6,3,2,3,2592.88,1.292
9,5.88,12.05,8.7,True,90.0,False,90.06,True,90.0,2,2,5,3,6,6,4,1,3,616.43,1.358
5,18.33,8.07,17.45,True,90.0,False,92.32,True,90.0,8,2,5,4,5,5,4,2,3,2579.14,1.298
14,18.92,6.66,20.62,True,90.0,False,91.49,True,90.0,8,2,5,3,6,6,4,1,3,2597.39,1.289
33,16.09,7.56,20.71,True,90.0,True,90.0,True,90.0,8,2,5,3,6,6,5,2,3,2519.17,1.329
2,9.59,11.61,11.56,False,89.02,False,101.02,False,93.39,4,2,5,3,5,6,4,3,3,1261.12,1.328
2,7.63,7.04,13.18,False,84.89,False,75.49,False,66.07,2,2,5,4,5,6,5,2,3,626.41,1.337
2,9.62,9.68,15.92,False,72.26,False,68.58,False,92.2,4,2,5,3,6,6,4,3,3,1295.61,1.292
2,9.38,8.74,15.04,False,85.44,False,90.14,False,86.35,4,2,5,4,5,5,5,4,3,1226.57,1.365
2,8.02,7.93,10.57,False,93.15,False,113.56,False,93.44,2,2,5,2,6,5,4,1,3,612.8,1.366
2,11.99,10.82,11.09,False,113.47,False,96.33,False,106.08,4,2,5,2,6,6,4,2,3,1227.72,1.364
14,7.65,21.61,7.49,True,90.0,False,97.85,True,90.0,4,2,5,4,5,5,6,2,3,1226.62,1.365
4,5.77,8.19,12.98,True,90.0,False,96.21,True,90.0,2,2,5,3,6,5,4,3,3,609.79,1.373
19,11.32,7.89,28.84,True,90.0,True,90.0,True,90.0,8,2,5,4,5,6,4,2,3,2575.84,1.3
4,9.11,15.93,9.81,True,90.0,False,114.1,True,90.0,4,2,5,4,5,6,4,3,3,1299.56,1.288
9,7.33,8.32,20.95,True,90.0,False,82.18,True,90.0,4,2,5,4,6,6,5,3,3,1265.77,1.323
15,14.28,6.82,26.21,True,90.0,False,104.04,True,90.0,8,2,5,4,5,5,4,2,3,2476.33,1.352
2,4.86,8.78,17.25,False,112.1,False,95.83,False,103.02,2,2,5,4,6,5,4,3,3,650.15,1.288
14,10.39,4.54,26.74,True,90.0,False,96.24,True,90.0,4,2,5,4,6,8,3,1,3,1253.87,1.335
4,8.79,8.5,8.36,True,90.0,False,90.14,True,90.0,2,2,5,3,5,4,4,3,3,624.62,1.34
2,7.96,8.41,9.95,False,95.98,False,92.38,False,106.6,2,2,5,4,6,6,4,3,3,633.08,1.322
9,13.07,8.72,22.25,True,90.0,False,91.65,True,90.0,8,2,5,3,6,4,3,3,3,2534.79,1.321
33,12.4,6.05,16.94,True,90.0,True,90.0,True,90.0,4,2,5,4,5,5,4,1,3,1270.84,1.318
9,7.39,8.13,21.21,True,90.0,False,96.24,True,90.0,4,2,5,3,6,6,5,2,3,1266.76,1.322
15,22.74,10.23,5.37,True,90.0,False,98.85,True,90.0,4,2,5,4,6,6,5,3,3,1234.35,1.357
2,5.69,12.39,18.23,False,87.78,False,94.02,False,96.87,4,2,5,4,6,5,5,4,3,1272.23,1.316
14,5.83,9.39,23.91,True,90.0,False,103.91,True,90.0,4,2,5,3,6,5,4,2,3,1270.54,1.318
2,8.62,14.54,5.26,False,74.59,False,77.53,False,80.64,2,2,5,3,6,6,4,3,3,616.67,1.358
2,8.55,8.63,17.12,False,87.45,False,94.27,False,93.66,4,2,5,3,6,5,5,4,3,1256.15,1.333
2,6.35,7.54,13.92,False,80.24,False,70.15,False,81.15,2,2,5,4,5,5,6,3,3,614.46,1.363
2,12.73,9.57,11.38,False,100.45,False,96.2,False,106.13,4,2,5,4,6,7,4,3,3,1291.18,1.297
2,10.0,8.35,17.16,False,112.45,False,100.19,False,100.7,4,2,5,3,6,6,4,3,3,1251.86,1.338
33,13.66,4.51,19.92,True,90.0,True,90.0,True,90.0,4,2,5,3,6,5,6,3,3,1227.2,1.364
14,6.66,11.14,18.85,True,90.0,False,112.21,True,90.0,4,2,5,4,6,7,4,2,3,1294.76,1.293
9,6.24,18.29,11.15,True,90.0,False,102.11,True,90.0,4,2,5,4,6,5,4,3,3,1244.23,1.346
15,11.8,7.56,7.33,True,90.0,False,107.25,True,90.0,2,2,5,4,5,6,5,1,3,624.48,1.341
2,5.74,11.24,20.47,False,102.04,False,93.16,False,96.27,4,2,5,3,6,5,5,2,3,1279.77,1.308
2,8.15,11.21,15.19,False,87.18,False,75.46,False,111.93,4,2,5,3,6,5,4,4,3,1230.24,1.361
2,7.11,7.57,12.57,False,99.99,False,95.0,False,101.36,2,2,5,4,6,5,4,3,3,648.06,1.292
2,6.36,10.88,18.32,False,80.9,False,81.1,False,85.91,4,2,5,4,5,6,4,3,3,1235.23,1.356
61,5.82,9.86,21.76,True,90.0,True,90.0,True,90.0,4,2,5,3,6,6,5,5,3,1248.7,1.341
19,6.82,9.16,20.83,True,90.0,True,90.0,True,90.0,4,2,5,3,6,5,4,2,3,1301.28,1.287
15,18.19,6.73,20.66,True,90.0,False,93.1,True,90.0,8,2,5,4,5,5,4,3,3,2525.47,1.326
2,6.23,7.37,15.27,False,73.54,False,83.8,False,75.35,2,2,5,4,5,6,4,2,3,650.03,1.288
14,5.42,8.29,28.39,True,90.0,False,95.37,True,90.0,4,2,5,4,5,5,4,3,3,1270.02,1.318
2,5.05,8.49,15.41,False,105.99,False,92.95,False,102.65,2,2,5,4,5,5,4,3,3,615.3,1.361
1,7.74,11.0,15.01,False,87.07,False,83.81,False,86.3,4,2,5,4,6,6,4,2,3,1266.6,1.322
2,8.65,11.81,6.6,False,71.7,False,75.45,False,86.66,2,2,5,4,5,5,4,1,3,619.45,1.352
33,11.47,8.39,26.63,True,90.0,True,90.0,True,90.0,8,2,5,3,5,6,3,2,3,2562.69,1.307
19,3.64,16.33,21.17,True,90.0,True,90.0,True,90.0,4,2,5,3,6,6,5,4,3,1258.37,1.331
2,8.03,11.98,15.17,False,71.13,False,80.01,False,65.74,4,2,5,4,6,6,5,2,3,1257.57,1.331
2,11.32,8.38,14.32,False,90.01,False,100.53,False,108.02,4,2,5,3,6,6,5,2,3,1267.69,1.321
14,7.58,5.55,15.0,True,90.0,False,102.1,True,90.0,2,2,5,4,6,7,3,3,3,617.02,1.357
33,8.97,14.57,9.58,True,90.0,True,90.0,True,90.0,4,2,5,4,6,5,4,2,3,1252.04,1.337
2,6.13,7.92,13.46,False,74.27,False,74.84,False,81.81,2,2,5,4,6,4,6,5,3,605.31,1.383
2,6.93,7.51,12.32,False,85.72,False,78.52,False,87.78,2,2,5,4,5,5,5,4,3,626.42,1.336
61,7.64,11.93,27.87,True,90.0,True,90.0,True,90.0,8,2,5,3,6,5,4,2,3,2540.22,1.318
14,8.51,9.17,16.83,True,90.0,False,111.62,True,90.0,4,2,5,4,5,7,4,2,3,1220.96,1.371
14,11.17,6.84,18.49,True,90.0,False,115.22,True,90.0,4,2,5,4,5,5,4,3,3,1278.03,1.31
14,10.52,6.02,19.37,True,90.0,False,95.83,True,90.0,4,2,5,3,6,5,5,2,3,1220.36,1.372
15,18.99,7.14,19.3,True,90.0,False,106.63,True,90.0,8,2,5,2,5,5,5,2,3,2507.4,1.336
4,6.97,13.61,6.89,True,90.0,False,99.61,True,90.0,2,2,5,4,5,5,5,5,3,644.43,1.299
2,10.69,11.67,11.14,False,71.37,False,72.61,False,80.62,4,2,5,4,5,6,5,1,3,1253.22,1.336
2,6.91,7.81,11.5,False,86.14,False,96.14,False,101.2,2,2,5,4,5,5,5,2,3,604.62,1.385
19,11.51,11.3,19.6,True,90.0,True,90.0,True,90.0,8,2,5,3,5,5,3,3,3,2549.23,1.314
4,21.14,8.5,7.29,True,90.0,False,103.06,True,90.0,4,2,5,3,6,5,5,5,3,1276.06,1.312
2,7.23,9.11,21.74,False,87.59,False,79.66,False,67.5,4,2,5,3,6,6,4,2,3,1300.87,1.287
2,10.28,12.79,11.64,False,113.46,False,110.28,False,94.61,4,2,5,4,5,6,4,2,3,1273.79,1.315
2,7.78,7.25,11.59,False,87.91,False,103.58,False,87.86,2,2,5,4,5,3,5,2,3,634.33,1.32
2,6.32,13.93,14.94,False,88.56,False,102.6,False,81.98,4,2,5,4,5,4,5,4,3,1268.95,1.32
14,14.25,17.92,5.29,True,90.0,False,110.35,True,90.0,4,2,5,4,5,6,3,1,3,1266.54,1.322
2,6.67,8.52,11.79,False,69.81,False,95.87,False,87.69,2,2,5,4,5,5,6,1,3,623.49,1.343
2,8.98,10.66,14.55,False,106.3,False,99.24,False,101.61,4,2,5,4,5,6,4,2,3,1274.11,1.314
14,6.05,11.22,18.53,True,90.0,False,98.6,True,90.0,4,2,5,3,6,6,4,2,3,1243.69,1.346
4,7.14,11.8,14.61,True,90.0,False,98.75,True,90.0,4,2,5,4,6,5,4,5,3,1216.6,1.376
2,9.43,11.13,13.51,False,112.13,False,107.42,False,94.73,4,2,5,3,5,6,3,3,3,1222.29,1.37
9,7.77,9.32,16.94,True,90.0,False,96.29,True,90.0,4,2,5,4,5,5,6,4,3,1219.35,1.373
33,13.39,6.99,27.05,True,90.0,True,90.0,True,90.0,8,2,5,3,6,6,4,3,3,2531.77,1.323
4,8.08,5.25,15.39,True,90.0,False,110.13,True,90.0,2,2,5,4,5,6,4,3,3,612.96,1.366
14,5.13,10.52,23.71,True,90.0,False,84.16,True,90.0,4,2,5,4,4,5,5,2,3,1272.93,1.315
1,5.95,10.57,19.81,False,100.0,False,80.15,False,92.9,4,2,5,4,6,6,6,3,3,1208.59,1.385
2,6.15,7.26,14.2,False,75.11,False,88.22,False,87.84,2,2,5,4,6,5,4,4,3,612.14,1.368
33,10.19,13.04,18.25,True,90.0,True,90.0,True,90.0,8,2,5,4,4,5,4,4,3,2425.02,1.381
4,11.63,6.13,18.4,True,90.0,False,103.29,True,90.0,4,2,5,3,6,8,4,3,3,1276.64,1.312
4,7.8,12.33,13.38,True,90.0,False,104.1,True,90.0,4,2,5,4,5,5,3,2,3,1248.04,1.342
14,11.15,8.17,28.15,True,90.0,False,98.93,True,90.0,8,2,5,3,6,6,3,4,3,2533.26,1.322
2,8.53,7.3,10.95,False,100.84,False,106.16,False,99.57,2,2,5,4,5,5,4,1,3,625.71,1.338
2,11.18,11.93,5.36,False,69.81,False,72.41,False,80.32,2,2,5,4,5,6,4,5,3,637.97,1.312
2,7.33,17.89,10.02,False,86.05,False,80.46,False,82.5,4,2,5,4,6,5,5,2,3,1283.2,1.305
1,8.4,9.39,8.47,False,96.28,False,104.34,False,106.07,2,2,5,3,5,6,5,2,3,610.5,1.371
4,7.37,16.32,5.37,True,90.0,False,102.07,True,90.0,2,2,5,4,5,5,5,2,3,631.62,1.325
2,5.56,10.66,12.05,False,113.91,False,94.41,False,90.01,2,2,5,4,5,6,4,3,3,650.59,1.287
4,6.72,17.41,5.5,True,90.0,False,99.94,True,90.0,2,2,5,4,5,5,3,2,3,633.81,1.321
2,6.14,12.9,16.3,False,81.81,False,103.3,False,93.1,4,2,5,4,5,6,3,4,3,1243.31,1.347
2,8.5,12.16,13.07,False,75.63,False,77.76,False,74.95,4,2,5,4,5,6,4,3,3,1247.94,1.342
14,6.84,11.54,16.19,True,90.0,False,79.71,True,90.0,4,2,5,3,6,6,4,3,3,1257.38,1.332
4,5.98,17.57,12.45,True,90.0,False,99.11,True,90.0,4,2,5,4,5,5,5,4,3,1291.6,1.296
2,12.04,12.2,16.62,False,86.93,False,88.94,False,87.38,8,2,5,4,6,6,5,2,3,2434.91,1.375
15,26.4,10.36,9.04,True,90.0,False,100.91,True,90.0,8,2,5,3,6,4,4,2,3,2427.79,1.379
2,9.73,12.6,10.85,False,85.82,False,81.49,False,82.0,4,2,5,4,6,5,4,2,3,1300.88,1.287
2,8.83,12.0,13.4,False,100.51,False,104.33,False,108.69,4,2,5,4,5,6,3,3,3,1249.03,1.341
2,7.0,11.2,16.3,False,76.36,False,87.4,False,80.92,4,2,5,4,5,6,4,4,3,1226.27,1.365
4,6.02,6.67,16.24,True,90.0,False,98.19,True,90.0,2,2,5,4,5,5,3,2,3,645.44,1.297
4,8.34,5.99,13.12,True,90.0,False,80.74,True,90.0,2,2,5,4,5,4,4,2,3,646.89,1.294
2,11.1,8.68,13.63,False,98.21,False,103.39,False,88.77,4,2,5,4,5,6,4,2,3,1264.34,1.324
1,6.63,12.56,8.03,False,86.09,False,91.31,False,77.1,2,2,5,4,6,6,4,2,3,649.79,1.288
9,6.27,17.69,12.4,True,90.0,False,112.41,True,90.0,4,2,5,4,5,5,4,3,3,1271.49,1.317
2,7.41,16.84,11.09,False,85.77,False,66.41,False,81.57,4,2,5,4,6,5,4,3,3,1254.34,1.335
2,5.67,11.81,19.33,False,87.94,False,88.37,False,93.55,4,2,5,4,6,5,4,2,3,1290.46,1.298
2,7.61,15.23,10.6,False,87.88,False,82.87,False,87.33,4,2,5,3,6,4,5,2,3,1217.12,1.376
33,8.6,17.47,16.76,True,90.0,True,90.0,True,90.0,8,2,5,4,5,5,4,2,3,2518.06,1.33
14,5.87,18.83,11.71,True,90.0,False,94.08,True,90.0,4,2,5,4,6,6,4,2,3,1291.05,1.297
2,6.27,7.85,13.9,False,81.72,False,103.22,False,101.91,2,2,5,4,5,5,6,3,3,648.31,1.291
14,14.19,6.02,16.47,True,90.0,False,113.09,True,90.0,4,2,5,4,5,5,4,2,3,1294.22,1.294
2,5.37,9.78,12.33,False,101.77,False,96.51,False,90.1,2,2,5,3,5,5,6,2,3,629.65,1.33
4,14.38,5.58,16.03,True,90.0,False,91.93,True,90.0,4,2,5,4,5,6,5,1,3,1285.52,1.303
14,11.67,5.43,19.76,True,90.0,False,96.5,True,90.0,4,2,5,4,5,4,5,5,3,1244.1,1.346
33,7.78,8.19,19.4,True,90.0,True,90.0,True,90.0,4,2,5,4,5,5,4,2,3,1236.13,1.355
2,10.31,10.05,6.71,False,86.87,False,71.68,False,77.52,2,2,5,4,5,6,4,3,3,644.36,1.299
1,6.22,7.84,14.74,False,113.69,False,96.95,False,102.73,2,2,5,4,5,5,5,5,3,624.13,1.341
1,4.55,8.02,18.08,False,86.0,False,98.36,False,93.53,2,2,5,4,6,6,6,2,3,650.27,1.287
14,7.96,5.37,28.33,True,90.0,False,93.53,True,90.0,4,2,5,3,6,6,4,2,3,1208.67,1.385
15,12.44,10.84,9.58,True,90.0,False,104.89,True,90.0,4,2,5,3,6,5,4,2,3,1248.48,1.341
5,17.13,5.71,25.18,True,90.0,False,93.99,True,90.0,8,2,5,4,4,5,5,2,3,2456.94,1.363
14,5.41,15.67,14.54,True,90.0,False,96.37,True,90.0,4,2,5,3,6,5,5,4,3,1225.01,1.367
2,10.19,10.22,13.55,False,80.92,False,86.13,False,63.51,4,2,5,3,6,5,4,3,3,1247.14,1.343
5,12.39,7.81,14.07,True,90.0,False,110.91,True,90.0,4,2,5,3,5,5,3,2,3,1271.83,1.317
2,8.96,8.19,17.16,False,86.43,False,92.2,False,100.71,4,2,5,4,6,5,4,2,3,1234.44,1.356
4,9.06,11.49,6.49,True,90.0,False,112.16,True,90.0,2,2,5,4,6,8,4,2,3,625.7,1.338
33,19.28,5.86,22.93,True,90.0,True,90.0,True,90.0,8,2,5,4,5,5,5,2,3,2590.65,1.293
2,7.69,9.54,17.57,False,86.5,False,72.09,False,88.35,4,2,5,3,6,6,6,3,3,1224.16,1.368
29,7.15,11.14,15.94,True,90.0,True,90.0,True,90.0,4,2,5,4,6,5,4,2,3,1269.64,1.319
61,9.86,10.88,23.45,True,90.0,True,90.0,True,90.0,8,2,5,4,5,5,4,2,3,2515.64,1.331
2,7.54,8.2,21.31,False,87.55,False,95.98,False,103.5,4,2,5,4,5,4,6,2,3,1273.95,1.314
9,9.15,17.96,7.71,True,90.0,False,90.43,True,90.0,4,2,5,4,6,6,3,3,3,1266.98,1.322
14,12.67,10.69,10.44,True,90.0,False,115.29,True,90.0,4,2,5,3,6,6,4,3,3,1278.49,1.31
2,9.99,9.61,6.74,False,86.89,False,98.5,False,87.63,2,2,5,4,6,5,4,1,3,638.22,1.312
14,7.95,10.39,16.51,True,90.0,False,116.82,True,90.0,4,2,5,3,5,5,4,1,3,1217.04,1.376
1,7.52,11.15,16.87,False,112.75,False,94.32,False,94.71,4,2,5,4,5,5,4,2,3,1291.21,1.297
61,7.41,16.47,20.58,True,90.0,True,90.0,True,90.0,8,2,5,3,6,5,4,2,3,2511.64,1.333
29,9.76,13.03,10.21,True,90.0,True,90.0,True,90.0,4,2,5,3,6,6,4,3,3,1298.43,1.29
14,7.24,7.92,22.4,True,90.0,False,106.42,True,90.0,4,2,5,3,5,5,5,3,3,1232.05,1.359
2,7.59,8.55,19.43,False,88.08,False,104.31,False,96.48,4,2,5,4,5,6,5,4,3,1213.95,1.379
14,7.21,8.56,10.31,True,90.0,False,96.44,True,90.0,2,2,5,3,6,6,5,5,3,632.29,1.324
2,8.5,10.75,7.05,False,100.04,False,97.53,False,79.45,2,2,5,4,5,8,3,2,3,620.33,1.35
2,8.81,9.17,8.45,False,100.81,False,93.72,False,69.34,2,2,5,4,5,4,4,3,3,627.42,1.334
9,4.65,12.06,22.98,True,90.0,False,84.28,True,90.0,4,2,5,3,6,6,6,3,3,1282.28,1.306
15,25.13,5.65,17.87,True,90.0,False,106.74,True,90.0,8,2,5,4,5,4,5,2,3,2429.74,1.378
2,8.51,11.4,6.51,False,93.31,False,94.51,False,93.5,2,2,5,4,5,6,3,3,3,627.19,1.335
14,8.78,12.04,13.38,True,90.0,False,117.44,True,90.0,4,2,5,4,5,5,4,2,3,1255.29,1.334
1,10.91,12.19,10.78,False,111.41,False,106.81,False,85.9,4,2,5,4,6,6,4,2,3,1276.76,1.311
2,7.72,5.53,15.46,False,86.82,False,94.29,False,100.62,2,2,5,3,6,8,3,2,3,646.3,1.295
14,9.4,6.44,22.86,True,90.0,False,113.89,True,90.0,4,2,5,3,6,6,4,2,3,1265.29,1.323
14,13.25,6.39,15.47,True,90.0,False,104.06,True,90.0,4,2,5,4,5,4,5,3,3,1270.57,1.318
2,7.75,10.1,16.84,False,85.03,False,83.97,False,79.34,4,2,5,3,6,6,4,5,3,1285.19,1.303
2,8.27,7.47,11.93,False,105.56,False,70.43,False,107.78,2,2,5,4,5,5,4,5,3,649.84,1.288
4,7.81,11.48,13.75,True,90.0,False,84.08,True,90.0,4,2,5,4,6,6,4,2,3,1226.23,1.366
2,7.03,7.69,12.01,False,86.73,False,73.62,False,94.6,2,2,5,4,6,6,5,3,3,618.75,1.353
14,8.96,5.31,27.23,True,90.0,False,104.63,True,90.0,4,2,5,4,5,5,5,4,3,1253.53,1.336
14,12.91,5.9,16.88,True,90.0,False,91.97,True,90.0,4,2,5,4,6,6,4,2,3,1284.97,1.303
14,11.7,14.82,7.67,True,90.0,False,109.77,True,90.0,4,2,5,4,5,5,4,4,3,1251.54,1.338
4,11.96,7.03,16.41,True,90.0,False,110.71,True,90.0,4,2,5,4,6,5,6,2,3,1290.58,1.297
14,8.61,9.91,14.83,True,90.0,False,84.12,True,90.0,4,2,5,2,6,6,5,3,3,1258.71,1.33
14,8.14,16.16,10.47,True,90.0,False,109.2,True,90.0,4,2,5,4,6,6,3,3,3,1300.64,1.287
2,8.38,13.47,12.0,False,71.45,False,73.65,False,87.96,4,2,5,3,5,5,5,2,3,1230.07,1.361
2,6.79,7.57,13.52,False,111.86,False,101.43,False,95.27,2,2,5,4,5,5,5,2,3,621.61,1.347
2,7.75,7.6,12.11,False,105.64,False,102.56,False,100.64,2,2,5,3,6,4,4,2,3,647.59,1.293
2,8.59,9.0,8.83,False,101.28,False,110.14,False,81.98,2,2,5,4,5,5,3,3,3,626.59,1.336
15,21.55,8.68,13.85,True,90.0,False,101.57,True,90.0,8,2,5,4,6,5,4,3,3,2538.06,1.319
4,8.35,4.75,16.56,True,90.0,False,105.76,True,90.0,2,2,5,4,5,5,4,3,3,632.12,1.324
33,6.18,8.56,23.26,True,90.0,True,90.0,True,90.0,4,2,5,3,6,5,6,3,3,1230.47,1.361
14,11.6,3.75,28.7,True,90.0,False,92.47,True,90.0,4,2,5,4,6,6,5,2,3,1247.29,1.342
14,11.16,4.15,27.87,True,90.0,False,102.59,True,90.0,4,2,5,4,5,6,6,3,3,1259.73,1.329
1,5.68,9.65,11.87,False,86.9,False,86.46,False,82.16,2,2,5,4,5,4,5,4,3,642.62,1.303
14,6.61,10.35,18.7,True,90.0,False,91.56,True,90.0,4,2,5,4,6,6,4,1,3,1278.86,1.309
5,21.29,6.94,17.61,True,90.0,False,111.15,True,90.0,8,2,5,3,5,6,3,1,3,2426.66,1.38
9,7.81,20.27,7.8,True,90.0,False,90.31,True,90.0,4,2,5,3,6,5,3,5,3,1234.79,1.356
14,11.88,4.58,23.26,True,90.0,False,106.44,True,90.0,4,2,5,3,6,5,4,3,3,1213.84,1.379
4,10.78,13.62,9.03,True,90.0,False,103.52,True,90.0,4,2,5,4,5,5,5,2,3,1289.08,1.299
2,10.36,9.53,7.01,False,72.64,False,72.88,False,79.08,2,2,5,4,5,6,4,2,3,627.38,1.334
15,10.98,9.04,12.98,True,90.0,False,96.01,True,90.0,4,2,5,4,5,5,5,5,3,1281.3,1.307
14,9.31,8.14,17.05,True,90.0,False,105.42,True,90.0,4,2,5,4,6,5,3,3,3,1245.59,1.344
5,9.96,6.37,10.14,True,90.0,False,91.46,True,90.0,2,2,5,2,6,5,5,3,3,643.13,1.302
33,8.22,13.64,22.67,True,90.0,True,90.0,True,90.0,8,2,5,4,5,6,4,2,3,2541.78,1.318
29,13.53,7.26,25.5,True,90.0,True,90.0,True,90.0,8,2,5,4,5,5,4,3,3,2504.81,1.337
9,10.12,12.12,10.15,True,90.0,False,90.8,True,90.0,4,2,5,3,6,4,4,2,3,1244.82,1.345
19,4.4,12.27,24.09,True,90.0,True,90.0,True,90.0,4,2,5,4,5,5,4,3,3,1300.57,1.287
15,11.81,12.9,8.5,True,90.0,False,102.61,True,90.0,4,2,5,4,5,6,3,3,3,1263.73,1.325
2,9.43,10.8,7.18,False,99.64,False,109.95,False,108.27,2,2,5,4,5,5,3,2,3,621.1,1.348
2,12.89,9.01,22.55,False,106.45,False,99.51,False,92.94,8,2,5,4,6,6,4,2,3,2463.86,1.359
1,9.94,8.53,7.91,False,83.55,False,104.52,False,85.7,2,2,5,4,5,4,4,2,3,641.42,1.305
2,9.25,8.83,16.72,False,99.67,False,107.06,False,95.54,4,2,5,3,6,5,4,2,3,1271.51,1.317
9,6.01,14.64,14.7,True,90.0,False,99.99,True,90.0,4,2,5,4,6,5,5,2,3,1273.79,1.315
14,7.94,11.8,13.82,True,90.0,False,99.08,True,90.0,4,2,5,3,6,6,5,1,3,1278.6,1.31
2,5.6,8.31,14.52,False,72.28,False,79.9,False,81.39,2,2,5,4,5,6,3,1,3,630.32,1.328
14,9.99,8.73,15.91,True,90.0,False,117.58,True,90.0,4,2,5,4,5,5,4,3,3,1229.88,1.361
15,14.22,7.27,25.14,True,90.0,False,103.41,True,90.0,8,2,5,4,5,4,6,2,3,2528.1,1.325
2,6.47,9.36,11.88,False,87.54,False,71.57,False,64.57,2,2,5,4,5,5,6,2,3,612.78,1.366
2,6.09,7.5,14.35,False,81.4,False,85.78,False,81.95,2,2,5,4,6,6,5,4,3,640.75,1.307
2,8.81,11.78,6.27,False,100.37,False,95.16,False,87.52,2,2,5,4,5,6,4,3,3,637.25,1.314
61,10.76,10.2,22.2,True,90.0,True,90.0,True,90.0,8,2,5,4,6,5,4,1,3,2436.49,1.374
19,7.36,12.47,26.38,True,90.0,True,90.0,True,90.0,8,2,5,3,5,5,4,2,3,2421.14,1.383
1,6.14,8.68,13.55,False,70.73,False,80.71,False,71.01,2,2,5,3,6,5,4,2,3,643.41,1.301
61,16.99,8.53,16.87,True,90.0,True,90.0,True,90.0,8,2,5,4,5,5,5,3,3,2444.88,1.37
1,6.1,7.78,12.95,False,87.17,False,90.89,False,87.77,2,2,5,4,6,4,5,2,3,613.27,1.365
33,18.21,6.06,22.02,True,90.0,True,90.0,True,90.0,8,2,5,3,6,6,3,3,3,2429.96,1.378
4,5.79,15.65,7.59,True,90.0,False,110.1,True,90.0,2,2,5,4,6,3,5,3,3,645.87,1.296
2,8.28,10.46,8.42,False,111.4,False,105.02,False,99.31,2,2,5,4,6,6,3,2,3,628.56,1.332
9,5.8,15.09,7.41,True,90.0,False,98.71,True,90.0,2,2,5,3,6,7,3,2,3,641.06,1.306
2,6.8,7.57,12.7,False,97.43,False,93.42,False,94.24,2,2,5,4,5,5,4,3,3,644.9,1.298
5,9.96,11.82,11.62,True,90.0,False,111.34,True,90.0,4,2,5,4,5,6,5,4,3,1274.2,1.314
2,9.81,10.37,12.6,False,87.27,False,93.58,False,101.8,4,2,5,2,6,6,3,2,3,1251.46,1.338
33,4.81,10.76,24.24,True,90.0,True,90.0,True,90.0,4,2,5,3,6,5,5,4,3,1254.56,1.335
14,12.6,9.2,10.78,True,90.0,False,103.49,True,90.0,4,2,5,3,6,5,4,2,3,1215.14,1.378
19,6.78,12.63,30.0,True,90.0,True,90.0,True,90.0,8,2,5,4,6,6,3,2,3,2568.94,1.304
2,8.29,8.34,18.88,False,93.7,False,80.82,False,87.6,4,2,5,4,5,6,3,2,3,1284.13,1.304
4,4.9,10.87,11.71,True,90.0,False,102.78,True,90.0,2,2,5,4,6,7,5,2,3,608.26,1.376
15,21.73,5.88,21.67,True,90.0,False,117.96,True,90.0,8,2,5,3,6,5,5,3,3,2445.64,1.369
4,7.71,9.74,16.69,True,90.0,False,102.6,True,90.0,4,2,5,3,6,5,4,3,3,1223.16,1.369
2,7.71,11.11,15.07,False,87.23,False,72.9,False,79.61,4,2,5,3,6,5,4,3,3,1213.56,1.38
5,8.02,10.39,15.26,True,90.0,False,99.28,True,90.0,4,2,5,4,6,5,4,2,3,1254.94,1.334
2,6.56,10.73,9.26,False,99.45,False,99.49,False,86.41,2,2,5,4,5,5,4,3,3,633.73,1.321
15,17.86,10.13,13.98,True,90.0,False,91.55,True,90.0,8,2,5,3,6,6,5,2,3,2528.36,1.325
4,10.07,7.96,15.86,True,90.0,False,91.66,True,90.0,4,2,5,3,5,6,4,2,3,1270.76,1.318
2,4.54,9.78,15.99,False,110.76,False,97.49,False,101.42,2,2,5,4,6,6,3,3,3,634.97,1.319
15,8.55,4.72,15.75,True,90.0,False,96.35,True,90.0,2,2,5,4,5,4,5,1,3,631.71,1.325
14,6.01,12.98,15.72,True,90.0,False,85.48,True,90.0,4,2,5,3,6,6,4,3,3,1222.5,1.37
2,5.03,13.74,18.69,False,87.61,False,83.73,False,87.94,4,2,5,4,6,6,3,2,3,1282.22,1.306
1,5.65,7.19,16.02,False,100.97,False,97.67,False,103.15,2,2,5,4,6,6,6,2,3,611.42,1.369
5,16.37,5.51,28.16,True,90.0,False,92.3,True,90.0,8,2,5,3,5,5,5,1,3,2537.95,1.32
61,6.39,17.62,11.54,True,90.0,True,90.0,True,90.0,4,2,5,3,6,7,4,3,3,1299.31,1.289
14,14.85,10.05,16.81,True,90.0,False,90.72,True,90.0,8,2,5,4,6,6,4,3,3,2508.57,1.335
14,7.98,5.61,29.94,True,90.0,False,103.99,True,90.0,4,2,5,4,4,5,3,3,3,1300.59,1.287
4,10.14,9.9,6.38,True,90.0,False,104.5,True,90.0,2,2,5,4,5,6,3,2,3,620.06,1.35
1,6.77,10.41,17.83,False,87.76,False,83.08,False,76.55,4,2,5,3,6,7,3,3,3,1213.14,1.38
14,12.22,12.35,16.25,True,90.0,False,97.56,True,90.0,8,2,5,4,6,6,4,3,3,2431.08,1.378
4,11.69,9.65,10.94,True,90.0,False,99.82,True,90.0,4,2,5,4,5,6,3,1,3,1216.04,1.377
61,6.43,16.45,24.28,True,90.0,True,90.0,True,90.0,8,2,5,4,5,5,4,2,3,2568.18,1.304
15,15.49,4.96,8.99,True,90.0,False,113.99,True,90.0,2,2,5,4,5,10,4,1,3,631.04,1.327
2,6.49,9.54,11.88,False,73.08,False,106.73,False,113.22,2,2,5,4,6,5,6,5,3,634.04,1.32
9,6.96,12.39,7.34,True,90.0,False,101.15,False,90.0,2,2,5,4,6,5,4,3,3,621.01,1.348
61,14.73,6.06,28.32,True,90.0,True,90.0,True,90.0,8,2,5,3,6,4,6,3,3,2527.95,1.325
9,10.1,19.67,12.59,True,90.0,False,100.87,True,90.0,8,2,5,4,6,4,6,1,3,2456.34,1.363
2,8.77,9.81,15.68,False,101.51,False,91.94,False,99.95,4,2,5,3,6,5,4,2,3,1298.73,1.289
5,10.82,6.35,8.8,True,90.0,False,91.13,True,90.0,2,2,5,3,6,5,4,3,3,604.5,1.385
2,12.15,8.43,14.03,False,101.97,False,110.01,False,106.66,4,2,5,4,5,6,3,3,3,1216.81,1.376
4,4.99,12.91,10.07,True,90.0,False,98.74,True,90.0,2,2,5,4,6,6,5,3,3,641.19,1.306
14,18.63,4.93,28.72,True,90.0,False,112.73,True,90.0,8,2,5,3,5,7,5,1,3,2432.95,1.376
33,5.01,8.62,28.64,True,90.0,True,90.0,True,90.0,4,2,5,4,5,5,4,2,3,1236.85,1.354
2,5.88,6.85,16.42,False,86.09,False,93.13,False,101.16,2,2,5,4,5,5,3,2,3,646.77,1.294
2,9.83,8.35,15.92,False,95.79,False,79.45,False,95.51,4,2,5,4,5,6,4,1,3,1274.05,1.314
2,7.1,7.87,12.31,False,85.96,False,78.99,False,74.59,2,2,5,2,6,4,6,2,3,650.77,1.286
14,9.61,13.0,20.12,True,90.0,False,99.96,True,90.0,8,2,5,4,5,6,4,1,3,2475.71,1.353
15,12.36,5.51,20.36,True,90.0,False,113.95,True,90.0,4,2,5,4,6,6,4,3,3,1267.2,1.321
15,13.64,12.69,15.87,True,90.0,False,114.44,True,90.0,8,2,5,3,5,6,4,1,3,2500.82,1.339
2,8.25,8.35,19.67,False,86.53,False,84.61,False,70.01,4,2,5,3,6,5,4,4,3,1267.17,1.321
1,7.19,11.68,7.43,False,86.81,False,96.32,False,80.88,2,2,5,4,5,5,5,5,3,610.63,1.371
2,5.41,7.43,15.93,False,101.39,False,101.92,False,90.56,2,2,5,4,6,6,6,4,3,613.33,1.365
15,8.0,15.93,20.58,True,90.0,False,81.03,True,90.0,8,2,5,4,5,6,4,4,3,2590.64,1.293
14,13.31,10.71,18.41,True,90.0,False,101.96,True,90.0,8,2,5,3,6,5,4,2,3,2567.38,1.304
33,6.4,19.58,19.72,True,90.0,True,90.0,True,90.0,8,2,5,4,6,7,5,2,3,2471.15,1.355
5,12.31,11.04,9.14,True,90.0,False,96.15,True,90.0,4,2,5,3,6,6,4,3,3,1235.0,1.356
15,15.84,5.92,27.33,True,90.0,False,103.43,True,90.0,8,2,5,4,6,5,5,2,3,2492.73,1.343
14,6.55,25.39,7.75,True,90.0,False,97.98,True,90.0,4,2,5,3,6,6,4,3,3,1276.38,1.312
1,11.26,8.48,7.92,False,99.83,False,107.44,False,112.11,2,2,5,3,6,5,5,3,3,633.1,1.322
33,9.25,10.01,6.82,True,90.0,True,90.0,True,90.0,2,2,5,4,5,6,3,2,3,631.48,1.326
4,9.57,6.0,22.11,True,90.0,False,92.47,True,90.0,4,2,5,3,5,6,3,2,3,1268.38,1.32
2,9.06,9.23,7.38,False,87.62,False,94.79,False,81.43,2,2,5,4,6,5,5,5,3,607.21,1.379
4,9.49,12.28,10.95,True,90.0,False,107.97,True,90.0,4,2,5,4,5,4,5,4,3,1213.83,1.379
4,9.08,18.26,7.73,True,90.0,False,98.51,True,90.0,4,2,5,3,5,6,3,3,3,1267.53,1.321
1,9.01,8.45,17.19,False,100.88,False,89.82,False,102.69,4,2,5,4,5,4,4,2,3,1252.83,1.337
2,6.83,7.73,12.38,False,79.59,False,78.63,False,82.34,2,2,5,4,5,6,3,2,3,627.0,1.335
61,8.02,15.14,19.99,True,90.0,True,90.0,True,90.0,8,2,5,4,5,6,3,3,3,2427.24,1.38
33,5.86,14.84,14.5,True,90.0,True,90.0,True,90.0,4,2,5,4,6,5,4,4,3,1260.95,1.328
14,11.1,8.42,15.62,True,90.0,False,118.79,True,90.0,4,2,5,4,5,5,5,2,3,1279.42,1.309
4,15.1,6.93,12.9,True,90.0,False,112.49,True,90.0,4,2,5,4,6,5,4,3,3,1247.23,1.343
14,12.8,8.62,25.97,True,90.0,False,117.43,True,90.0,8,2,5,3,5,5,4,4,3,2543.28,1.317
9,10.68,9.77,12.34,True,90.0,False,100.22,True,90.0,4,2,5,4,5,6,4,3,3,1267.17,1.321
14,12.06,9.24,22.53,True,90.0,False,102.61,True,90.0,8,2,5,4,5,5,3,2,3,2450.06,1.367
14,6.78,8.27,22.21,True,90.0,False,101.34,True,90.0,4,2,5,3,5,6,3,2,3,1221.02,1.371
1,9.06,14.59,4.92,False,98.93,False,75.51,False,80.63,2,2,5,4,5,4,5,3,3,608.05,1.377
